ALA C ALA C 10.00 10.00 10.00 10.00 10.00 -0.73 -1.55 0.57 0.47 -1.37 -0.01 -0.20 -0.64 0.19 0.38 0.15 -0.33 -0.01 -0.23 -0.25 -0.17 -0.23 -0.13 -0.13 -0.17 -0.09 -0.05 -0.13 -0.08 -0.02
ALA C ARG C 10.00 10.00 10.00 10.00 10.00 -0.73 -1.51 0.53 0.34 -1.28 0.09 0.08 -0.34 0.28 0.50 0.28 -0.24 0.13 -0.11 -0.19 -0.09 -0.19 -0.06 -0.08 -0.12 -0.08 -0.06 -0.10 -0.07 -0.02
ALA C ASN C 10.00 10.00 10.00 10.00 10.00 -0.44 -1.54 0.31 0.64 -1.05 -0.03 -0.03 -0.14 0.25 0.36 0.17 -0.12 0.08 -0.09 -0.14 -0.09 -0.12 -0.08 -0.06 -0.10 -0.08 -0.08 -0.11 -0.06 -0.02
ALA C ASP C 10.00 10.00 10.00 10.00 10.00 -0.48 -1.57 0.60 0.67 -1.04 0.17 0.16 -0.15 0.33 0.43 0.23 -0.08 0.16 0.02 -0.09 -0.05 -0.10 -0.06 -0.04 -0.10 -0.04 -0.03 -0.10 -0.06 -0.02
ALA C CYS C 10.00 10.00 10.00 10.00 10.00 -0.46 -1.28 0.07 0.51 -1.09 -0.16 -0.06 -0.29 0.06 0.16 0.01 -0.26 -0.03 -0.19 -0.29 -0.23 -0.28 -0.10 -0.09 -0.10 -0.10 -0.03 -0.13 -0.06 -0.02
ALA C GLN C 10.00 10.00 10.00 10.00 10.00 -0.84 -1.61 0.52 0.24 -1.31 0.14 0.07 -0.29 0.30 0.47 0.30 -0.26 0.10 -0.14 -0.18 -0.07 -0.18 -0.05 -0.07 -0.16 -0.07 -0.06 -0.11 -0.08 -0.02
ALA C GLU C 10.00 10.00 10.00 10.00 10.00 -0.89 -1.69 0.61 0.27 -1.38 0.15 0.08 -0.32 0.44 0.56 0.28 -0.27 0.16 -0.13 -0.14 -0.08 -0.17 -0.07 -0.12 -0.20 -0.12 -0.09 -0.13 -0.08 -0.02
ALA C GLY C 10.00 10.00 10.00 10.00 5.87 0.02 -1.45 0.25 0.71 -0.82 -0.31 -0.29 -0.19 0.11 0.23 0.12 -0.06 0.07 -0.14 -0.17 -0.07 -0.13 -0.05 -0.02 -0.04 -0.03 -0.07 -0.07 -0.06 -0.02
ALA C HIS C 10.00 10.00 10.00 10.00 10.00 -0.33 -1.26 0.31 0.72 -0.96 0.17 0.14 -0.10 0.31 0.48 0.36 -0.11 0.12 -0.10 -0.11 -0.01 -0.13 -0.02 -0.03 -0.07 0.01 -0.01 -0.08 -0.04 -0.02
ALA C ILE C 10.00 10.00 10.00 10.00 10.00 -0.60 -1.32 0.39 0.64 -1.12 0.06 0.10 -0.31 0.07 0.27 0.12 -0.21 0.09 -0.22 -0.28 -0.23 -0.28 -0.20 -0.17 -0.16 -0.08 -0.09 -0.08 -0.06 -0.02
ALA C LEU C 10.00 10.00 10.00 10.00 10.00 -0.73 -1.47 0.78 0.47 -1.27 0.10 0.07 -0.32 0.19 0.33 0.17 -0.27 0.00 -0.24 -0.30 -0.23 -0.26 -0.18 -0.17 -0.18 -0.12 -0.09 -0.14 -0.08 -0.02
ALA C LYS C 10.00 10.00 10.00 10.00 10.00 -0.88 -1.70 0.51 0.31 -1.28 0.09 0.01 -0.40 0.25 0.39 0.20 -0.25 0.08 -0.14 -0.18 -0.10 -0.17 -0.07 -0.06 -0.16 -0.07 -0.06 -0.11 -0.08 -0.02
ALA C MET C 10.00 10.00 10.00 10.00 10.00 -0.60 -1.36 0.65 0.55 -1.19 0.13 0.10 -0.27 0.24 0.36 0.23 -0.21 0.08 -0.19 -0.24 -0.20 -0.25 -0.15 -0.13 -0.16 -0.05 -0.07 -0.10 -0.10 -0.02
ALA C PHE C 10.00 10.00 10.00 10.00 10.00 -0.64 -1.19 0.16 0.69 -1.06 0.11 0.12 -0.17 0.12 0.42 0.16 -0.16 0.05 -0.18 -0.24 -0.20 -0.20 -0.16 -0.18 -0.17 -0.09 -0.09 -0.11 -0.09 -0.02
ALA C PRO C 10.00 10.00 10.00 10.00 10.00 -0.80 -1.42 1.02 1.44 -0.45 0.32 -0.18 -0.35 0.04 0.14 0.10 -0.08 0.03 -0.15 -0.14 -0.10 -0.06 -0.09 -0.07 -0.12 -0.08 -0.04 -0.06 -0.03 -0.02
ALA C SER C 10.00 10.00 10.00 10.00 5.53 -0.46 -1.41 0.21 0.61 -0.98 0.08 -0.03 -0.24 0.18 0.36 0.18 -0.15 0.11 -0.09 -0.15 -0.09 -0.14 -0.07 -0.05 -0.10 -0.05 -0.05 -0.10 -0.10 -0.02
ALA C THR C 10.00 10.00 10.00 10.00 10.00 -0.45 -1.28 0.13 0.67 -0.96 0.13 0.02 -0.28 0.09 0.35 0.11 -0.19 0.05 -0.14 -0.19 -0.12 -0.17 -0.10 -0.09 -0.08 -0.06 -0.06 -0.10 -0.08 -0.02
ALA C TRP C 10.00 10.00 10.00 10.00 10.00 -0.69 -1.17 0.57 0.72 -1.04 0.10 0.13 -0.12 0.16 0.50 0.19 -0.14 0.17 -0.14 -0.18 -0.09 -0.20 -0.08 -0.07 -0.14 -0.08 -0.05 -0.08 -0.08 -0.02
ALA C TYR C 10.00 10.00 10.00 10.00 10.00 -0.46 -1.18 0.11 0.61 -1.06 0.09 0.12 -0.21 0.16 0.39 0.11 -0.17 0.10 -0.13 -0.20 -0.15 -0.17 -0.12 -0.10 -0.08 -0.06 -0.08 -0.08 -0.05 -0.02
ALA C VAL C 10.00 10.00 10.00 10.00 10.00 -0.51 -1.27 0.25 0.72 -1.08 0.08 0.13 -0.35 -0.02 0.20 0.07 -0.23 0.02 -0.22 -0.30 -0.22 -0.26 -0.18 -0.15 -0.16 -0.09 -0.09 -0.11 -0.10 -0.02
ARG C ALA C 10.00 10.00 10.00 10.00 10.00 -0.73 -1.51 0.53 0.34 -1.28 0.09 0.08 -0.34 0.28 0.50 0.28 -0.24 0.13 -0.11 -0.19 -0.09 -0.19 -0.06 -0.08 -0.12 -0.08 -0.06 -0.10 -0.07 -0.02
ARG C ARG C 10.00 10.00 10.00 10.00 10.00 -0.49 -1.55 0.27 0.54 -1.08 0.05 0.06 -0.32 0.29 0.49 0.39 -0.18 0.27 -0.08 -0.16 -0.10 -0.15 -0.14 -0.03 -0.16 -0.12 -0.12 -0.14 -0.04 -0.02
ARG C ASN C 10.00 10.00 10.00 10.00 10.00 -0.42 -1.59 0.02 0.76 -0.97 -0.07 -0.08 -0.33 0.17 0.32 0.20 -0.10 0.14 -0.07 -0.15 -0.06 -0.12 -0.07 -0.06 -0.08 -0.08 -0.07 -0.11 -0.08 -0.02
ARG C ASP C 10.00 10.00 10.00 10.00 10.00 -0.45 -1.59 0.24 0.74 -1.12 -0.20 -0.11 -0.36 0.17 0.34 0.14 -0.08 0.13 -0.05 -0.12 -0.08 -0.14 -0.10 -0.06 -0.11 -0.08 -0.03 -0.07 -0.05 -0.02
ARG C CYS C 10.00 10.00 10.00 10.00 10.00 -0.51 -1.43 -0.25 0.59 -1.00 -0.11 -0.16 -0.16 -0.02 0.29 0.12 -0.16 -0.04 -0.15 -0.30 -0.21 -0.16 -0.12 -0.09 -0.11 -0.09 -0.09 -0.18 -0.14 -0.02
ARG C GLN C 10.00 10.00 10.00 10.00 10.00 -0.72 -1.69 0.36 0.34 -1.27 0.09 0.03 -0.32 0.24 0.49 0.34 -0.18 0.17 -0.09 -0.14 -0.08 -0.16 -0.05 -0.01 -0.14 -0.14 -0.10 -0.14 -0.11 -0.02
ARG C GLU C 10.00 10.00 10.00 10.00 10.00 -0.82 -1.76 0.40 0.46 -1.43 -0.10 -0.18 -0.72 0.25 0.51 0.31 -0.15 0.15 -0.08 -0.19 -0.12 -0.25 -0.12 -0.14 -0.21 -0.11 -0.11 -0.14 -0.09 -0.02
ARG C GLY C 10.00 10.00 10.00 10.00 10.00 0.12 -1.52 0.05 0.97 -0.68 -0.16 -0.19 -0.18 0.12 0.30 0.14 -0.04 0.13 -0.07 -0.09 -0.00 -0.03 0.04 0.05 -0.01 0.02 -0.01 -0.04 -0.03 -0.02
ARG C HIS C 10.00 10.00 10.00 10.00 10.00 -0.53 -1.37 0.12 0.67 -0.95 -0.00 0.15 -0.14 0.24 0.51 0.23 -0.12 0.15 -0.01 -0.03 -0.02 -0.10 -0.02 0.00 -0.11 -0.05 -0.08 -0.12 -0.06 -0.02
ARG C ILE C 10.00 10.00 10.00 10.00 10.00 -0.65 -1.48 0.12 0.48 -1.04 0.03 0.25 -0.19 0.19 0.45 0.31 -0.12 0.25 -0.07 -0.26 -0.13 -0.20 -0.13 -0.13 -0.14 -0.09 -0.11 -0.16 -0.09 -0.02
ARG C LEU C 10.00 10.00 10.00 10.00 10.00 -0.82 -1.52 0.41 0.30 -1.21 0.07 0.13 -0.19 0.30 0.48 0.27 -0.18 0.15 -0.14 -0.23 -0.12 -0.20 -0.15 -0.15 -0.19 -0.12 -0.11 -0.13 -0.09 -0.02
ARG C LYS C 10.00 10.00 10.00 10.00 10.00 -0.74 -1.65 0.28 0.64 -1.07 0.02 0.07 -0.33 0.31 0.43 0.38 -0.13 0.27 -0.01 -0.10 0.00 -0.11 -0.02 -0.04 -0.09 -0.07 -0.07 -0.13 -0.09 -0.02
ARG C MET C 10.00 10.00 10.00 10.00 10.00 -0.90 -1.39 0.34 0.27 -1.13 0.25 0.17 -0.16 0.42 0.54 0.29 -0.13 0.14 -0.13 -0.18 -0.04 -0.11 -0.15 -0.08 -0.18 -0.08 -0.10 -0.14 -0.02 -0.02
ARG C PHE C 10.00 10.00 10.00 10.00 10.00 -0.52 -1.32 -0.07 0.57 -1.10 0.07 0.30 0.02 0.23 0.48 0.24 -0.04 0.24 -0.08 -0.13 -0.07 -0.17 -0.08 -0.07 -0.12 -0.08 -0.09 -0.09 -0.03 -0.02
ARG C PRO C 10.00 10.00 10.00 10.00 4.64 -0.70 -1.51 0.82 1.67 -0.45 0.37 -0.12 -0.42 0.01 0.05 0.10 -0.00 -0.07 -0.14 -0.18 -0.13 -0.18 -0.11 -0.07 -0.11 -0.10 -0.07 -0.05 -0.06 -0.02
ARG C SER C 10.00 10.00 10.00 10.00 10.00 -0.43 -1.50 0.18 0.78 -0.89 -0.02 0.05 -0.28 0.07 0.37 0.28 -0.10 0.16 0.02 -0.14 -0.05 -0.14 -0.05 -0.02 -0.04 -0.04 -0.02 -0.06 -0.07 -0.02
ARG C THR C 10.00 10.00 10.00 10.00 10.00 -0.34 -1.32 -0.04 0.80 -0.87 -0.09 0.09 -0.27 0.04 0.44 0.25 -0.11 0.15 -0.03 -0.13 -0.07 -0.12 -0.09 -0.11 -0.07 -0.06 -0.05 -0.10 -0.08 -0.02
ARG C TRP C 10.00 10.00 10.00 10.00 10.00 -0.59 -1.41 0.07 0.36 -1.14 0.02 0.00 -0.23 0.05 0.61 0.28 -0.10 0.21 -0.16 -0.21 -0.14 -0.12 -0.13 -0.15 -0.07 -0.13 -0.14 -0.21 -0.02 -0.02
ARG C TYR C 10.00 10.00 10.00 10.00 4.49 -0.45 -1.46 -0.12 0.47 -1.08 -0.07 0.07 -0.22 0.05 0.39 0.23 -0.07 0.17 -0.08 -0.13 -0.12 -0.08 -0.06 -0.07 -0.07 -0.08 -0.09 -0.10 -0.05 -0.02
ARG C VAL C 10.00 10.00 10.00 10.00 10.00 -0.43 -1.36 0.03 0.68 -1.01 -0.04 0.31 -0.21 0.17 0.45 0.28 -0.08 0.22 -0.09 -0.20 -0.12 -0.16 -0.14 -0.13 -0.10 -0.10 -0.08 -0.10 -0.09 -0.02
ASN C ALA C 10.00 10.00 10.00 10.00 10.00 -0.44 -1.54 0.31 0.64 -1.05 -0.03 -0.03 -0.14 0.25 0.36 0.17 -0.12 0.08 -0.09 -0.14 -0.09 -0.12 -0.08 -0.06 -0.10 -0.08 -0.08 -0.11 -0.06 -0.02
ASN C ARG C 10.00 10.00 10.00 10.00 10.00 -0.42 -1.59 0.02 0.76 -0.97 -0.07 -0.08 -0.33 0.17 0.32 0.20 -0.10 0.14 -0.07 -0.15 -0.06 -0.12 -0.07 -0.06 -0.08 -0.08 -0.07 -0.11 -0.08 -0.02
ASN C ASN C 10.00 10.00 10.00 10.00 10.00 -0.05 -1.64 -0.20 0.85 -1.05 -0.27 -0.26 -0.22 0.10 0.14 -0.02 -0.13 0.07 -0.07 -0.15 -0.03 -0.06 -0.02 -0.01 -0.09 -0.02 -0.04 -0.01 -0.02 -0.02
ASN C ASP C 10.00 10.00 10.00 10.00 10.00 -0.16 -1.51 0.12 0.76 -1.04 -0.19 -0.23 -0.14 0.17 0.29 0.17 0.01 0.19 0.02 -0.06 -0.00 -0.07 0.01 0.04 -0.05 -0.01 -0.00 -0.04 -0.03 -0.02
ASN C CYS C 10.00 10.00 10.00 10.00 10.00 -0.07 -1.26 -0.24 0.67 -0.80 -0.20 -0.13 -0.10 0.01 0.27 0.04 -0.17 0.02 -0.11 -0.14 -0.14 -0.10 -0.05 -0.09 -0.05 0.08 -0.07 -0.02 -0.04 -0.02
ASN C GLN C 10.00 10.00 10.00 10.00 10.00 -0.38 -1.59 0.01 0.92 -1.01 -0.06 -0.19 -0.33 0.14 0.32 0.15 -0.07 0.16 -0.03 -0.10 -0.04 -0.12 -0.04 -0.06 -0.09 -0.03 -0.03 -0.12 -0.04 -0.02
ASN C GLU C 10.00 10.00 10.00 10.00 10.00 -0.43 -1.60 0.13 1.00 -1.00 0.04 -0.12 -0.25 0.30 0.54 0.25 0.01 0.24 0.01 -0.04 0.00 -0.05 -0.03 -0.01 -0.03 -0.06 0.00 -0.08 -0.06 -0.02
ASN C GLY C 10.00 10.00 10.00 10.00 10.00 0.25 -1.74 -0.01 0.77 -0.75 -0.28 -0.28 -0.17 0.04 0.08 0.08 -0.07 0.12 -0.06 -0.04 -0.04 -0.05 -0.05 0.00 -0.04 -0.03 -0.05 -0.04 -0.05 -0.02
ASN C HIS C 10.00 10.00 10.00 10.00 10.00 -0.23 -1.34 -0.11 1.00 -0.80 -0.09 0.00 -0.13 0.14 0.38 0.16 -0.04 0.07 -0.08 -0.11 -0.02 0.01 -0.07 0.03 0.02 -0.02 -0.01 -0.07 -0.04 -0.02
ASN C ILE C 10.00 10.00 10.00 10.00 10.00 -0.38 -1.53 0.27 0.72 -0.84 0.01 0.15 -0.10 0.09 0.36 0.22 -0.09 0.18 -0.06 -0.16 -0.11 -0.16 -0.17 -0.09 -0.15 -0.11 -0.13 -0.14 -0.08 -0.02
ASN C LEU C 10.00 10.00 10.00 10.00 10.00 -0.46 -1.54 0.48 0.39 -1.01 -0.00 0.09 -0.02 0.20 0.37 0.18 -0.11 0.18 -0.08 -0.13 -0.09 -0.15 -0.11 -0.12 -0.15 -0.12 -0.10 -0.14 -0.09 -0.02
ASN C LYS C 10.00 10.00 10.00 10.00 10.00 -0.44 -1.73 0.12 0.79 -0.98 -0.19 -0.19 -0.28 0.14 0.39 0.15 -0.16 0.13 -0.03 -0.08 -0.05 -0.11 -0.01 0.03 -0.10 -0.04 -0.03 -0.08 -0.07 -0.02
ASN C MET C 10.00 10.00 10.00 10.00 10.00 -0.29 -1.40 0.41 0.80 -0.88 0.04 0.12 -0.06 0.27 0.37 0.23 -0.03 0.20 0.02 -0.08 -0.10 -0.11 -0.02 -0.06 -0.09 -0.05 -0.07 -0.07 -0.06 -0.02
ASN C PHE C 10.00 10.00 10.00 10.00 10.00 -0.39 -1.42 0.12 0.52 -0.90 -0.06 0.10 -0.02 0.08 0.36 0.19 -0.04 0.13 -0.08 -0.17 -0.10 -0.14 -0.11 -0.06 -0.11 -0.08 -0.07 -0.11 -0.09 -0.02
ASN C PRO C 10.00 10.00 10.00 10.00 10.00 -0.53 -1.98 0.70 1.38 -0.49 0.20 -0.15 -0.41 -0.17 0.01 -0.04 -0.05 -0.03 -0.14 -0.12 -0.09 -0.10 -0.04 -0.03 -0.08 -0.07 -0.04 -0.05 -0.03 -0.02
ASN C SER C 10.00 10.00 10.00 10.00 10.00 -0.16 -1.48 -0.01 0.98 -0.78 -0.14 -0.19 -0.23 -0.01 0.19 0.09 -0.05 0.07 -0.10 -0.12 -0.09 -0.08 -0.05 -0.07 -0.06 -0.03 -0.04 -0.06 -0.07 -0.02
ASN C THR C 10.00 10.00 10.00 10.00 10.00 -0.09 -1.36 -0.07 0.99 -0.89 -0.10 -0.10 -0.33 -0.07 0.18 0.14 -0.06 0.05 -0.07 -0.10 -0.05 -0.09 -0.09 -0.07 -0.06 -0.05 -0.05 -0.05 -0.09 -0.02
ASN C TRP C 10.00 10.00 10.00 10.00 10.00 -0.47 -1.42 -0.00 0.68 -0.84 0.14 -0.02 -0.06 0.12 0.27 0.23 -0.10 0.06 0.02 -0.08 -0.05 -0.12 0.01 0.00 -0.03 -0.09 -0.02 -0.03 -0.07 -0.02
ASN C TYR C 10.00 10.00 10.00 10.00 10.00 -0.43 -1.43 -0.02 0.68 -0.87 -0.09 0.03 0.07 -0.02 0.18 0.05 -0.10 0.09 -0.11 -0.11 -0.13 -0.15 -0.10 -0.10 -0.09 -0.05 -0.08 -0.12 -0.03 -0.02
ASN C VAL C 10.00 10.00 10.00 10.00 10.00 -0.31 -1.49 0.08 0.93 -0.68 0.03 0.12 -0.11 0.05 0.37 0.25 -0.05 0.23 -0.07 -0.16 -0.05 -0.14 -0.11 -0.04 -0.09 -0.04 -0.06 -0.08 -0.06 -0.02
ASP C ALA C 10.00 10.00 10.00 10.00 10.00 -0.48 -1.57 0.60 0.67 -1.04 0.17 0.16 -0.15 0.33 0.43 0.23 -0.08 0.16 0.02 -0.09 -0.05 -0.10 -0.06 -0.04 -0.10 -0.04 -0.03 -0.10 -0.06 -0.02
ASP C ARG C 10.00 10.00 10.00 10.00 10.00 -0.45 -1.59 0.24 0.74 -1.12 -0.20 -0.11 -0.36 0.17 0.34 0.14 -0.08 0.13 -0.05 -0.12 -0.08 -0.14 -0.10 -0.06 -0.11 -0.08 -0.03 -0.07 -0.05 -0.02
ASP C ASN C 10.00 10.00 10.00 10.00 10.00 -0.16 -1.51 0.12 0.76 -1.04 -0.19 -0.23 -0.14 0.17 0.29 0.17 0.01 0.19 0.02 -0.06 -0.00 -0.07 0.01 0.04 -0.05 -0.01 -0.00 -0.04 -0.03 -0.02
ASP C ASP C 10.00 10.00 10.00 10.00 10.00 -0.28 -1.59 0.59 0.98 -0.91 0.13 0.10 -0.03 0.36 0.52 0.19 0.07 0.19 0.13 -0.05 -0.06 -0.08 -0.06 -0.08 -0.08 -0.03 -0.09 -0.08 -0.09 -0.02
ASP C CYS C 10.00 10.00 10.00 10.00 10.00 -0.03 -1.41 -0.04 0.68 -0.83 0.05 -0.05 0.08 0.12 0.26 0.03 -0.03 0.13 -0.09 -0.11 -0.07 -0.11 -0.05 -0.06 -0.09 -0.05 -0.06 -0.01 0.03 -0.02
ASP C GLN C 10.00 10.00 10.00 10.00 10.00 -0.51 -1.54 0.48 0.78 -1.06 0.07 -0.11 -0.34 0.24 0.49 0.31 -0.06 0.21 -0.06 -0.08 0.01 -0.13 -0.02 -0.08 -0.10 -0.04 -0.04 -0.11 -0.10 -0.02
ASP C GLU C 10.00 10.00 10.00 10.00 5.04 -0.63 -1.74 0.39 0.76 -0.99 0.21 0.22 -0.07 0.41 0.63 0.39 0.10 0.30 0.08 -0.03 0.04 -0.11 -0.02 -0.06 -0.14 -0.06 -0.08 -0.11 -0.08 -0.02
ASP C GLY C 10.00 10.00 10.00 10.00 10.00 0.13 -1.74 0.31 0.89 -0.69 -0.20 -0.27 -0.13 0.08 0.23 0.06 -0.00 0.05 -0.07 -0.04 -0.07 -0.05 -0.04 -0.04 -0.04 -0.07 -0.06 -0.07 -0.07 -0.02
ASP C HIS C 10.00 10.00 10.00 10.00 10.00 -0.42 -1.44 0.13 0.87 -0.96 -0.16 -0.10 -0.16 0.04 0.17 0.09 -0.07 0.10 -0.15 -0.15 -0.14 -0.11 -0.09 -0.08 -0.08 -0.17 -0.10 -0.10 -0.08 -0.02
ASP C ILE C 10.00 10.00 10.00 10.00 10.00 -0.58 -1.56 0.26 0.60 -0.88 0.07 0.29 0.01 0.07 0.38 0.34 -0.07 0.21 -0.06 -0.15 -0.09 -0.16 -0.08 -0.11 -0.10 -0.12 -0.11 -0.12 -0.09 -0.02
ASP C LEU C 10.00 10.00 10.00 10.00 10.00 -0.65 -1.61 0.55 0.35 -0.95 0.14 0.26 0.03 0.21 0.44 0.29 -0.10 0.21 -0.03 -0.16 -0.07 -0.15 -0.12 -0.11 -0.18 -0.14 -0.12 -0.10 -0.10 -0.02
ASP C LYS C 10.00 10.00 10.00 10.00 10.00 -0.48 -1.76 0.33 0.92 -1.12 -0.32 -0.39 -0.49 0.04 0.28 0.19 -0.12 0.11 -0.04 -0.14 -0.10 -0.16 -0.11 -0.07 -0.15 -0.04 -0.03 -0.09 -0.06 -0.02
ASP C MET C 10.00 10.00 10.00 10.00 10.00 -0.71 -1.42 0.46 0.51 -0.98 0.19 0.26 -0.07 0.21 0.48 0.30 -0.14 0.26 -0.00 -0.09 -0.06 -0.21 -0.07 -0.09 -0.15 -0.10 -0.13 -0.16 -0.07 -0.02
ASP C PHE C 10.00 10.00 10.00 10.00 10.00 -0.66 -1.57 0.07 0.48 -0.93 0.13 0.22 0.03 0.22 0.42 0.23 -0.00 0.18 -0.03 -0.08 -0.03 -0.11 -0.09 -0.10 -0.10 -0.09 -0.10 -0.11 -0.07 -0.02
ASP C PRO C 10.00 10.00 10.00 10.00 4.80 -0.56 -1.95 1.15 1.21 -0.42 0.43 -0.11 -0.27 -0.05 0.12 -0.01 0.02 0.03 -0.10 -0.06 0.01 -0.06 -0.07 -0.04 -0.04 -0.07 -0.08 -0.02 0.01 -0.02
ASP C SER C 10.00 10.00 10.00 10.00 10.00 -0.32 -1.55 0.15 0.87 -1.01 -0.21 -0.18 -0.11 0.10 0.23 0.12 -0.03 0.12 0.01 -0.06 0.02 -0.06 -0.09 -0.01 -0.09 -0.04 -0.07 -0.07 -0.05 -0.02
ASP C THR C 10.00 10.00 10.00 10.00 10.00 -0.37 -1.48 0.11 0.88 -0.95 -0.18 -0.07 -0.13 0.06 0.25 0.17 -0.00 0.10 -0.06 -0.16 -0.04 -0.09 -0.04 -0.06 -0.09 -0.07 -0.07 -0.09 -0.09 -0.02
ASP C TRP C 10.00 10.00 10.00 10.00 10.00 -0.53 -1.56 0.10 0.74 -0.88 0.16 0.26 -0.01 0.11 0.53 0.22 -0.01 0.20 -0.00 -0.18 -0.12 -0.16 -0.09 -0.07 -0.08 -0.09 -0.08 -0.14 -0.07 -0.02
ASP C TYR C 10.00 10.00 10.00 10.00 10.00 -0.52 -1.55 0.05 0.77 -0.81 0.08 0.15 0.05 0.08 0.38 0.17 -0.01 0.22 -0.07 -0.16 -0.11 -0.13 -0.14 -0.11 -0.11 -0.07 -0.10 -0.12 -0.06 -0.02
ASP C VAL C 10.00 10.00 10.00 10.00 10.00 -0.44 -1.51 0.05 0.68 -0.81 0.06 0.23 -0.09 -0.01 0.37 0.28 -0.06 0.19 -0.04 -0.16 -0.10 -0.15 -0.15 -0.12 -0.15 -0.12 -0.12 -0.10 -0.08 -0.02
CYS C ALA C 10.00 10.00 10.00 10.00 10.00 -0.46 -1.28 0.07 0.51 -1.09 -0.16 -0.06 -0.29 0.06 0.16 0.01 -0.26 -0.03 -0.19 -0.29 -0.23 -0.28 -0.10 -0.09 -0.10 -0.10 -0.03 -0.13 -0.06 -0.02
CYS C ARG C 10.00 10.00 10.00 10.00 10.00 -0.51 -1.43 -0.25 0.59 -1.00 -0.11 -0.16 -0.16 -0.02 0.29 0.12 -0.16 -0.04 -0.15 -0.30 -0.21 -0.16 -0.12 -0.09 -0.11 -0.09 -0.09 -0.18 -0.14 -0.02
CYS C ASN C 10.00 10.00 10.00 10.00 10.00 -0.07 -1.26 -0.24 0.67 -0.80 -0.20 -0.13 -0.10 0.01 0.27 0.04 -0.17 0.02 -0.11 -0.14 -0.14 -0.10 -0.05 -0.09 -0.05 0.08 -0.07 -0.02 -0.04 -0.02
CYS C ASP C 10.00 10.00 10.00 10.00 10.00 -0.03 -1.41 -0.04 0.68 -0.83 0.05 -0.05 0.08 0.12 0.26 0.03 -0.03 0.13 -0.09 -0.11 -0.07 -0.11 -0.05 -0.06 -0.09 -0.05 -0.06 -0.01 0.03 -0.02
CYS C CYS C 10.00 10.00 10.00 10.00 10.00 1.14 -0.99 -0.11 0.94 -1.25 -0.96 -0.66 -1.21 -1.06 -1.33 -1.23 -0.66 -0.48 -0.44 -0.47 -0.34 -0.08 -0.03 -0.01 0.08 -0.00 0.11 0.03 0.01 -0.02
CYS C GLN C 10.00 10.00 10.00 10.00 10.00 -0.49 -1.43 -0.10 0.55 -1.03 0.01 0.09 -0.06 0.25 0.19 0.16 -0.15 0.03 -0.14 -0.19 -0.04 -0.08 -0.08 -0.07 -0.01 -0.07 -0.06 -0.06 0.02 -0.02
CYS C GLU C 10.00 10.00 10.00 10.00 10.00 -0.43 -1.40 0.29 0.47 -1.05 0.10 0.18 0.06 0.28 0.37 0.17 -0.13 0.14 -0.05 -0.20 -0.06 -0.12 -0.01 -0.07 -0.08 -0.07 -0.08 -0.08 -0.02 -0.02
CYS C GLY C 10.00 10.00 10.00 10.00 10.00 -0.11 -1.59 -0.23 0.54 -0.91 -0.48 -0.26 -0.20 -0.25 0.05 0.01 -0.16 -0.09 -0.19 -0.20 -0.24 -0.24 -0.17 -0.10 -0.03 -0.11 -0.05 -0.06 -0.09 -0.02
CYS C HIS C 10.00 10.00 10.00 10.00 10.00 -0.52 -1.65 -0.32 0.88 -0.83 -0.28 0.01 -0.28 0.12 0.33 0.19 -0.00 -0.04 -0.17 -0.17 -0.13 -0.14 -0.08 -0.09 -0.06 -0.03 -0.02 -0.04 0.00 -0.02
CYS C ILE C 10.00 10.00 10.00 10.00 10.00 -0.03 -1.26 0.14 1.12 -0.94 -0.01 0.21 -0.35 -0.23 0.27 -0.01 -0.09 0.09 -0.22 -0.23 -0.23 -0.29 -0.29 -0.18 -0.10 -0.10 -0.06 -0.09 -0.04 -0.02
CYS C LEU C 10.00 10.00 10.00 10.00 10.00 -0.28 -1.32 0.37 0.83 -1.03 -0.07 0.07 -0.30 0.05 0.17 0.15 -0.14 0.00 -0.22 -0.33 -0.23 -0.28 -0.27 -0.14 -0.16 -0.12 -0.09 -0.06 -0.06 -0.02
CYS C LYS C 10.00 10.00 10.00 10.00 10.00 -0.36 -1.32 0.07 0.63 -0.85 0.12 0.10 -0.08 0.24 0.42 0.12 -0.08 0.19 -0.09 -0.17 -0.13 -0.09 -0.05 0.01 -0.02 -0.01 0.04 -0.05 0.02 -0.02
CYS C MET C 10.00 10.00 10.00 10.00 10.00 0.11 -1.09 0.33 0.75 -1.03 0.05 -0.15 -0.39 -0.01 0.18 0.03 -0.02 0.06 -0.27 -0.28 -0.26 -0.42 -0.30 -0.25 -0.03 -0.07 0.01 -0.22 -0.02 -0.02
CYS C PHE C 10.00 10.00 10.00 10.00 10.00 0.05 -1.17 -0.21 1.12 -0.94 -0.20 -0.01 -0.30 -0.22 0.36 -0.02 -0.09 0.00 -0.10 -0.26 -0.27 -0.20 -0.24 -0.15 -0.11 -0.07 -0.05 -0.05 -0.05 -0.02
CYS C PRO C 10.00 10.00 10.00 10.00 10.00 -0.82 -1.59 0.12 1.58 -0.53 -0.01 -0.24 -0.41 -0.27 -0.01 -0.13 -0.17 -0.26 -0.29 -0.35 -0.23 -0.25 -0.10 -0.15 -0.09 -0.16 -0.10 -0.11 -0.10 -0.02
CYS C SER C 10.00 10.00 10.00 10.00 10.00 -0.14 -1.48 -0.42 0.82 -1.05 -0.26 -0.19 -0.23 -0.12 0.09 -0.12 -0.26 -0.06 -0.22 -0.27 -0.17 -0.24 -0.13 -0.09 -0.05 -0.02 -0.01 -0.12 -0.03 -0.02
CYS C THR C 10.00 10.00 10.00 10.00 10.00 -0.08 -1.48 -0.03 0.82 -0.91 -0.05 -0.03 -0.24 -0.12 0.12 0.03 -0.24 -0.06 -0.23 -0.28 -0.14 -0.21 -0.18 -0.09 -0.08 -0.09 -0.09 -0.05 -0.08 -0.02
CYS C TRP C 10.00 10.00 10.00 10.00 10.00 -0.05 -1.23 -0.21 0.89 -0.98 0.01 -0.12 -0.53 0.09 0.11 -0.10 -0.10 0.09 -0.24 -0.31 -0.34 -0.27 -0.18 -0.11 -0.13 -0.20 -0.12 -0.11 -0.09 -0.02
CYS C TYR C 10.00 10.00 10.00 10.00 10.00 -0.00 -1.34 -0.38 0.79 -1.10 -0.37 -0.32 -0.22 -0.30 0.08 -0.09 -0.17 -0.11 -0.19 -0.42 -0.28 -0.36 -0.27 -0.13 -0.19 -0.15 -0.04 -0.12 -0.12 -0.02
CYS C VAL C 10.00 10.00 10.00 10.00 10.00 0.08 -1.30 -0.05 1.15 -1.07 -0.07 0.06 -0.43 -0.23 0.13 -0.02 -0.25 -0.10 -0.25 -0.38 -0.28 -0.32 -0.26 -0.12 -0.06 -0.05 -0.09 -0.08 -0.10 -0.02
GLN C ALA C 10.00 10.00 10.00 10.00 10.00 -0.84 -1.61 0.52 0.24 -1.31 0.14 0.07 -0.29 0.30 0.47 0.30 -0.26 0.10 -0.14 -0.18 -0.07 -0.18 -0.05 -0.07 -0.16 -0.07 -0.06 -0.11 -0.08 -0.02
GLN C ARG C 10.00 10.00 10.00 10.00 10.00 -0.72 -1.69 0.36 0.34 -1.27 0.09 0.03 -0.32 0.24 0.49 0.34 -0.18 0.17 -0.09 -0.14 -0.08 -0.16 -0.05 -0.01 -0.14 -0.14 -0.10 -0.14 -0.11 -0.02
GLN C ASN C 10.00 10.00 10.00 10.00 10.00 -0.38 -1.59 0.01 0.92 -1.01 -0.06 -0.19 -0.33 0.14 0.32 0.15 -0.07 0.16 -0.03 -0.10 -0.04 -0.12 -0.04 -0.06 -0.09 -0.03 -0.03 -0.12 -0.04 -0.02
GLN C ASP C 10.00 10.00 10.00 10.00 10.00 -0.51 -1.54 0.48 0.78 -1.06 0.07 -0.11 -0.34 0.24 0.49 0.31 -0.06 0.21 -0.06 -0.08 0.01 -0.13 -0.02 -0.08 -0.10 -0.04 -0.04 -0.11 -0.10 -0.02
GLN C CYS C 10.00 10.00 10.00 10.00 10.00 -0.49 -1.43 -0.10 0.55 -1.03 0.01 0.09 -0.06 0.25 0.19 0.16 -0.15 0.03 -0.14 -0.19 -0.04 -0.08 -0.08 -0.07 -0.01 -0.07 -0.06 -0.06 0.02 -0.02
GLN C GLN C 10.00 10.00 10.00 10.00 10.00 -1.01 -1.67 0.14 0.48 -1.17 0.03 -0.05 -0.49 0.35 0.47 0.44 -0.16 0.26 -0.02 -0.07 -0.03 -0.14 -0.11 -0.06 -0.16 -0.03 -0.06 -0.03 -0.06 -0.02
GLN C GLU C 10.00 10.00 10.00 10.00 10.00 -0.92 -1.79 0.59 0.32 -1.25 0.07 0.03 -0.59 0.36 0.57 0.36 -0.14 0.26 -0.05 -0.10 -0.06 -0.17 -0.10 -0.05 -0.20 -0.12 -0.08 -0.13 -0.11 -0.02
GLN C GLY C 10.00 10.00 10.00 10.00 10.00 0.08 -1.57 0.08 0.91 -0.72 -0.16 -0.23 -0.07 0.22 0.24 0.17 0.01 0.11 -0.10 -0.08 0.02 -0.01 -0.01 0.02 -0.02 -0.01 -0.07 -0.09 -0.03 -0.02
GLN C HIS C 10.00 10.00 10.00 10.00 10.00 -0.60 -1.43 -0.07 0.53 -0.95 0.01 0.13 -0.03 0.28 0.36 0.23 -0.07 0.17 0.01 -0.14 -0.05 -0.07 -0.00 -0.10 -0.12 -0.13 -0.08 -0.14 -0.04 -0.02
GLN C ILE C 10.00 10.00 10.00 10.00 10.00 -0.57 -1.48 0.41 0.26 -1.14 0.16 0.26 -0.26 0.28 0.49 0.35 -0.12 0.24 -0.12 -0.22 -0.16 -0.18 -0.16 -0.13 -0.16 -0.16 -0.12 -0.16 -0.09 -0.02
GLN C LEU C 10.00 10.00 10.00 10.00 10.00 -0.82 -1.55 0.61 -0.00 -1.23 0.13 0.20 -0.17 0.40 0.55 0.32 -0.28 0.15 -0.11 -0.21 -0.07 -0.21 -0.13 -0.15 -0.16 -0.11 -0.09 -0.13 -0.10 -0.02
GLN C LYS C 10.00 10.00 10.00 10.00 10.00 -0.80 -1.73 0.39 0.56 -1.28 -0.10 -0.11 -0.47 0.32 0.47 0.37 -0.15 0.20 -0.01 -0.12 -0.10 -0.18 -0.02 -0.07 -0.14 -0.09 -0.08 -0.09 -0.04 -0.02
GLN C MET C 10.00 10.00 10.00 10.00 10.00 -0.81 -1.44 0.43 -0.01 -1.25 0.21 0.15 -0.18 0.25 0.54 0.25 -0.19 0.18 -0.18 -0.10 -0.10 -0.16 -0.13 -0.18 -0.21 -0.09 -0.13 -0.14 -0.14 -0.02
GLN C PHE C 10.00 10.00 10.00 10.00 10.00 -0.42 -1.27 0.07 0.27 -1.11 0.24 0.18 0.08 0.31 0.51 0.29 -0.07 0.20 -0.11 -0.09 -0.01 -0.03 -0.04 -0.09 -0.11 -0.08 -0.07 -0.11 -0.09 -0.02
GLN C PRO C 10.00 10.00 10.00 10.00 10.00 -0.79 -1.70 0.98 1.30 -0.51 0.30 -0.15 -0.40 0.04 0.14 0.01 -0.04 0.01 -0.11 -0.11 -0.15 -0.10 -0.07 -0.09 -0.09 -0.10 -0.06 -0.03 -0.00 -0.02
GLN C SER C 10.00 10.00 10.00 10.00 10.00 -0.39 -1.53 0.29 0.59 -0.94 -0.00 0.00 -0.30 0.12 0.29 0.23 -0.11 0.14 -0.06 -0.11 -0.09 -0.12 -0.06 -0.06 -0.06 -0.03 -0.01 -0.06 -0.06 -0.02
GLN C THR C 10.00 10.00 10.00 10.00 10.00 -0.42 -1.42 0.00 0.61 -1.04 0.02 0.12 -0.30 0.10 0.41 0.33 -0.08 0.15 -0.05 -0.12 -0.10 -0.08 -0.05 -0.02 -0.09 -0.03 -0.03 -0.08 -0.06 -0.02
GLN C TRP C 10.00 10.00 10.00 10.00 10.00 -0.79 -1.63 -0.19 0.24 -1.21 -0.05 -0.22 -0.33 0.09 0.35 0.10 -0.16 0.04 -0.20 -0.25 -0.15 -0.26 -0.17 -0.16 -0.21 -0.23 -0.21 -0.20 -0.15 -0.02
GLN C TYR C 10.00 10.00 10.00 10.00 10.00 -0.44 -1.42 -0.07 0.29 -1.10 0.10 0.20 -0.12 0.27 0.45 0.30 -0.09 0.19 -0.07 -0.11 -0.12 -0.04 -0.08 -0.06 -0.10 -0.06 -0.05 -0.07 -0.08 -0.02
GLN C VAL C 10.00 10.00 10.00 10.00 10.00 -0.48 -1.36 0.19 0.45 -0.98 0.01 0.33 -0.18 0.21 0.41 0.30 -0.07 0.24 -0.10 -0.22 -0.08 -0.22 -0.15 -0.13 -0.15 -0.10 -0.08 -0.12 -0.07 -0.02
GLU C ALA C 10.00 10.00 10.00 10.00 10.00 -0.89 -1.69 0.61 0.27 -1.38 0.15 0.08 -0.32 0.44 0.56 0.28 -0.27 0.16 -0.13 -0.14 -0.08 -0.17 -0.07 -0.12 -0.20 -0.12 -0.09 -0.13 -0.08 -0.02
GLU C ARG C 10.00 10.00 10.00 10.00 10.00 -0.82 -1.76 0.40 0.46 -1.43 -0.10 -0.18 -0.72 0.25 0.51 0.31 -0.15 0.15 -0.08 -0.19 -0.12 -0.25 -0.12 -0.14 -0.21 -0.11 -0.11 -0.14 -0.09 -0.02
GLU C ASN C 10.00 10.00 10.00 10.00 10.00 -0.43 -1.60 0.13 1.00 -1.00 0.04 -0.12 -0.25 0.30 0.54 0.25 0.01 0.24 0.01 -0.04 0.00 -0.05 -0.03 -0.01 -0.03 -0.06 0.00 -0.08 -0.06 -0.02
GLU C ASP C 10.00 10.00 10.00 10.00 5.04 -0.63 -1.74 0.39 0.76 -0.99 0.21 0.22 -0.07 0.41 0.63 0.39 0.10 0.30 0.08 -0.03 0.04 -0.11 -0.02 -0.06 -0.14 -0.06 -0.08 -0.11 -0.08 -0.02
GLU C CYS C 10.00 10.00 10.00 10.00 10.00 -0.43 -1.40 0.29 0.47 -1.05 0.10 0.18 0.06 0.28 0.37 0.17 -0.13 0.14 -0.05 -0.20 -0.06 -0.12 -0.01 -0.07 -0.08 -0.07 -0.08 -0.08 -0.02 -0.02
GLU C GLN C 10.00 10.00 10.00 10.00 10.00 -0.92 -1.79 0.59 0.32 -1.25 0.07 0.03 -0.59 0.36 0.57 0.36 -0.14 0.26 -0.05 -0.10 -0.06 -0.17 -0.10 -0.05 -0.20 -0.12 -0.08 -0.13 -0.11 -0.02
GLU C GLU C 10.00 10.00 10.00 10.00 10.00 -0.87 -1.88 0.68 0.48 -1.16 0.36 0.31 -0.32 0.45 0.87 0.50 -0.03 0.35 0.08 -0.02 0.02 -0.19 -0.04 -0.04 -0.18 -0.12 -0.08 -0.09 -0.08 -0.02
GLU C GLY C 10.00 10.00 10.00 10.00 10.00 0.05 -1.63 0.26 0.84 -0.67 -0.11 -0.26 -0.12 0.30 0.39 0.23 0.05 0.18 -0.06 -0.08 0.01 -0.01 0.02 0.01 -0.03 -0.05 -0.08 -0.08 -0.09 -0.02
GLU C HIS C 10.00 10.00 10.00 10.00 10.00 -0.24 -1.38 0.23 0.71 -0.87 0.10 0.14 -0.11 0.22 0.56 0.30 0.00 0.21 -0.01 -0.08 0.06 -0.11 -0.03 -0.01 -0.09 -0.03 -0.07 -0.09 -0.07 -0.02
GLU C ILE C 10.00 10.00 10.00 10.00 10.00 -0.65 -1.55 0.32 0.23 -1.15 0.11 0.39 -0.12 0.30 0.54 0.31 -0.19 0.25 -0.04 -0.24 -0.10 -0.17 -0.13 -0.16 -0.20 -0.13 -0.12 -0.16 -0.13 -0.02
GLU C LEU C 10.00 10.00 10.00 10.00 10.00 -0.82 -1.56 0.71 0.01 -1.27 0.24 0.26 -0.06 0.45 0.65 0.36 -0.20 0.26 -0.06 -0.17 -0.08 -0.15 -0.11 -0.10 -0.18 -0.12 -0.06 -0.13 -0.10 -0.02
GLU C LYS C 10.00 10.00 10.00 10.00 10.00 -0.91 -1.91 0.38 0.63 -1.40 -0.22 -0.24 -0.78 0.11 0.42 0.27 -0.17 0.17 -0.10 -0.13 -0.07 -0.22 -0.10 -0.09 -0.19 -0.08 -0.07 -0.10 -0.05 -0.02
GLU C MET C 10.00 10.00 10.00 10.00 10.00 -0.84 -1.61 0.47 0.08 -1.22 0.33 0.14 -0.04 0.44 0.66 0.37 -0.22 0.27 -0.04 -0.17 -0.07 -0.14 -0.12 -0.12 -0.16 -0.16 -0.10 -0.15 -0.12 -0.02
GLU C PHE C 10.00 10.00 10.00 10.00 10.00 -0.65 -1.35 0.12 0.33 -1.16 0.22 0.23 0.11 0.34 0.62 0.28 -0.09 0.25 -0.05 -0.09 -0.06 -0.11 -0.05 -0.06 -0.14 -0.08 -0.06 -0.12 -0.08 -0.02
GLU C PRO C 10.00 10.00 10.00 10.00 10.00 -0.98 -1.79 1.30 1.11 -0.43 0.38 -0.04 -0.33 0.02 0.22 0.15 -0.02 0.02 -0.10 -0.07 -0.06 -0.10 -0.10 -0.03 -0.10 -0.11 -0.06 -0.05 -0.04 -0.02
GLU C SER C 10.00 10.00 10.00 10.00 10.00 -0.56 -1.47 0.34 0.37 -1.00 0.07 0.09 -0.19 0.24 0.52 0.28 -0.07 0.20 -0.01 -0.07 -0.01 -0.09 -0.03 -0.04 -0.07 -0.01 -0.04 -0.08 -0.05 -0.02
GLU C THR C 10.00 10.00 10.00 10.00 10.00 -0.66 -1.46 0.07 0.26 -1.06 -0.01 0.12 -0.23 0.20 0.39 0.31 -0.07 0.19 -0.05 -0.16 -0.10 -0.12 -0.08 -0.06 -0.09 -0.07 -0.08 -0.12 -0.08 -0.02
GLU C TRP C 10.00 10.00 10.00 10.00 10.00 -0.84 -1.39 0.07 0.41 -1.06 0.22 0.23 -0.05 0.24 0.55 0.39 -0.00 0.33 -0.00 -0.05 -0.05 -0.06 -0.05 -0.05 -0.10 -0.03 -0.08 -0.01 -0.04 -0.02
GLU C TYR C 10.00 10.00 10.00 10.00 10.00 -0.52 -1.38 -0.01 0.31 -1.12 0.04 0.25 -0.03 0.24 0.43 0.25 -0.06 0.20 -0.08 -0.15 -0.07 -0.18 -0.08 -0.11 -0.16 -0.13 -0.09 -0.14 -0.11 -0.02
GLU C VAL C 10.00 10.00 10.00 10.00 10.00 -0.51 -1.50 0.25 0.43 -1.04 0.13 0.34 -0.10 0.25 0.52 0.33 -0.05 0.26 -0.04 -0.17 -0.09 -0.12 -0.10 -0.07 -0.13 -0.13 -0.11 -0.13 -0.11 -0.02
GLY C ALA C 10.00 10.00 10.00 10.00 5.87 0.02 -1.45 0.25 0.71 -0.82 -0.31 -0.29 -0.19 0.11 0.23 0.12 -0.06 0.07 -0.14 -0.17 -0.07 -0.13 -0.05 -0.02 -0.04 -0.03 -0.07 -0.07 -0.06 -0.02
GLY C ARG C 10.00 10.00 10.00 10.00 10.00 0.12 -1.52 0.05 0.97 -0.68 -0.16 -0.19 -0.18 0.12 0.30 0.14 -0.04 0.13 -0.07 -0.09 -0.00 -0.03 0.04 0.05 -0.01 0.02 -0.01 -0.04 -0.03 -0.02
GLY C ASN C 10.00 10.00 10.00 10.00 10.00 0.25 -1.74 -0.01 0.77 -0.75 -0.28 -0.28 -0.17 0.04 0.08 0.08 -0.07 0.12 -0.06 -0.04 -0.04 -0.05 -0.05 0.00 -0.04 -0.03 -0.05 -0.04 -0.05 -0.02
GLY C ASP C 10.00 10.00 10.00 10.00 10.00 0.13 -1.74 0.31 0.89 -0.69 -0.20 -0.27 -0.13 0.08 0.23 0.06 -0.00 0.05 -0.07 -0.04 -0.07 -0.05 -0.04 -0.04 -0.04 -0.07 -0.06 -0.07 -0.07 -0.02
GLY C CYS C 10.00 10.00 10.00 10.00 10.00 -0.11 -1.59 -0.23 0.54 -0.91 -0.48 -0.26 -0.20 -0.25 0.05 0.01 -0.16 -0.09 -0.19 -0.20 -0.24 -0.24 -0.17 -0.10 -0.03 -0.11 -0.05 -0.06 -0.09 -0.02
GLY C GLN C 10.00 10.00 10.00 10.00 10.00 0.08 -1.57 0.08 0.91 -0.72 -0.16 -0.23 -0.07 0.22 0.24 0.17 0.01 0.11 -0.10 -0.08 0.02 -0.01 -0.01 0.02 -0.02 -0.01 -0.07 -0.09 -0.03 -0.02
GLY C GLU C 10.00 10.00 10.00 10.00 10.00 0.05 -1.63 0.26 0.84 -0.67 -0.11 -0.26 -0.12 0.30 0.39 0.23 0.05 0.18 -0.06 -0.08 0.01 -0.01 0.02 0.01 -0.03 -0.05 -0.08 -0.08 -0.09 -0.02
GLY C GLY C 10.00 10.00 10.00 10.00 5.08 0.58 -1.51 -0.17 0.50 -0.69 -0.37 -0.37 -0.11 0.00 0.13 -0.02 -0.04 0.01 -0.08 -0.10 -0.03 -0.03 -0.01 0.02 0.01 0.01 -0.05 -0.05 -0.03 -0.02
GLY C HIS C 10.00 10.00 10.00 10.00 10.00 -0.01 -1.45 -0.07 0.81 -0.72 -0.20 -0.16 -0.05 0.08 0.22 0.06 -0.04 0.10 -0.11 -0.12 -0.06 -0.07 -0.04 -0.04 -0.04 -0.07 -0.04 -0.10 -0.07 -0.02
GLY C ILE C 10.00 10.00 10.00 10.00 10.00 0.10 -1.36 0.00 1.00 -0.70 -0.18 -0.02 -0.10 0.06 0.34 0.19 0.03 0.11 -0.08 -0.19 -0.08 -0.17 -0.10 -0.06 -0.06 -0.07 -0.09 -0.08 -0.05 -0.02
GLY C LEU C 10.00 10.00 10.00 10.00 10.00 0.08 -1.42 0.36 0.84 -0.82 -0.28 0.01 -0.03 0.15 0.31 0.17 -0.03 0.11 -0.07 -0.12 -0.06 -0.12 -0.10 -0.06 -0.06 -0.07 -0.08 -0.08 -0.06 -0.02
GLY C LYS C 10.00 10.00 10.00 10.00 10.00 0.07 -1.80 -0.23 0.86 -0.73 -0.29 -0.34 -0.26 0.08 0.29 0.12 -0.02 0.09 -0.13 -0.12 0.02 -0.06 -0.01 0.00 -0.03 -0.03 -0.02 -0.06 -0.09 -0.02
GLY C MET C 10.00 10.00 10.00 10.00 10.00 -0.01 -1.40 0.34 0.73 -0.74 -0.18 -0.03 -0.08 0.19 0.24 0.16 -0.04 0.06 -0.08 -0.10 -0.01 -0.06 -0.06 -0.03 -0.02 -0.04 -0.05 -0.07 -0.06 -0.02
GLY C PHE C 10.00 10.00 10.00 10.00 10.00 -0.05 -1.40 -0.18 0.90 -0.74 -0.23 0.05 -0.03 0.12 0.32 0.16 0.02 0.15 -0.08 -0.04 -0.02 -0.07 -0.06 0.02 0.02 -0.00 -0.03 -0.04 -0.03 -0.02
GLY C PRO C 10.00 10.00 10.00 10.00 10.00 0.24 -1.69 0.80 1.15 -0.35 -0.06 -0.40 -0.35 -0.04 0.08 0.07 0.07 0.00 -0.13 -0.06 -0.01 -0.02 -0.02 0.01 -0.01 0.01 -0.01 -0.02 -0.01 -0.02
GLY C SER C 10.00 10.00 10.00 10.00 10.00 0.11 -1.65 -0.22 0.71 -0.70 -0.26 -0.35 -0.24 -0.04 0.14 0.04 -0.05 0.04 -0.12 -0.09 -0.06 -0.10 -0.06 -0.01 -0.03 -0.02 -0.06 -0.10 -0.06 -0.02
GLY C THR C 10.00 10.00 10.00 10.00 10.00 0.20 -1.55 -0.25 0.82 -0.70 -0.22 -0.18 -0.25 -0.13 0.21 0.09 -0.05 0.11 -0.08 -0.13 -0.05 -0.11 -0.06 -0.05 -0.04 -0.05 -0.04 -0.09 -0.04 -0.02
GLY C TRP C 10.00 10.00 10.00 10.00 10.00 0.09 -1.40 -0.04 0.92 -0.84 -0.11 -0.02 -0.08 0.05 0.31 0.07 -0.01 0.04 -0.15 -0.08 -0.05 -0.08 -0.06 -0.02 -0.10 -0.10 -0.08 -0.15 -0.08 -0.02
GLY C TYR C 10.00 10.00 10.00 10.00 10.00 -0.06 -1.41 -0.25 0.61 -0.81 -0.20 -0.12 -0.12 0.02 0.23 0.09 -0.03 0.09 -0.11 -0.16 -0.08 -0.04 -0.06 -0.02 -0.03 -0.03 -0.10 -0.08 -0.08 -0.02
GLY C VAL C 10.00 10.00 10.00 10.00 10.00 0.16 -1.27 -0.02 0.97 -0.67 -0.23 -0.03 -0.15 0.03 0.26 0.18 0.00 0.12 -0.10 -0.20 -0.12 -0.14 -0.11 -0.04 -0.05 -0.04 -0.09 -0.08 -0.06 -0.02
HIS C ALA C 10.00 10.00 10.00 10.00 10.00 -0.33 -1.26 0.31 0.72 -0.96 0.17 0.14 -0.10 0.31 0.48 0.36 -0.11 0.12 -0.10 -0.11 -0.01 -0.13 -0.02 -0.03 -0.07 0.01 -0.01 -0.08 -0.04 -0.02
HIS C ARG C 10.00 10.00 10.00 10.00 10.00 -0.53 -1.37 0.12 0.67 -0.95 -0.00 0.15 -0.14 0.24 0.51 0.23 -0.12 0.15 -0.01 -0.03 -0.02 -0.10 -0.02 0.00 -0.11 -0.05 -0.08 -0.12 -0.06 -0.02
HIS C ASN C 10.00 10.00 10.00 10.00 10.00 -0.23 -1.34 -0.11 1.00 -0.80 -0.09 0.00 -0.13 0.14 0.38 0.16 -0.04 0.07 -0.08 -0.11 -0.02 0.01 -0.07 0.03 0.02 -0.02 -0.01 -0.07 -0.04 -0.02
HIS C ASP C 10.00 10.00 10.00 10.00 10.00 -0.42 -1.44 0.13 0.87 -0.96 -0.16 -0.10 -0.16 0.04 0.17 0.09 -0.07 0.10 -0.15 -0.15 -0.14 -0.11 -0.09 -0.08 -0.08 -0.17 -0.10 -0.10 -0.08 -0.02
HIS C CYS C 10.00 10.00 10.00 10.00 10.00 -0.52 -1.65 -0.32 0.88 -0.83 -0.28 0.01 -0.28 0.12 0.33 0.19 -0.00 -0.04 -0.17 -0.17 -0.13 -0.14 -0.08 -0.09 -0.06 -0.03 -0.02 -0.04 0.00 -0.02
HIS C GLN C 10.00 10.00 10.00 10.00 10.00 -0.60 -1.43 -0.07 0.53 -0.95 0.01 0.13 -0.03 0.28 0.36 0.23 -0.07 0.17 0.01 -0.14 -0.05 -0.07 -0.00 -0.10 -0.12 -0.13 -0.08 -0.14 -0.04 -0.02
HIS C GLU C 10.00 10.00 10.00 10.00 10.00 -0.24 -1.38 0.23 0.71 -0.87 0.10 0.14 -0.11 0.22 0.56 0.30 0.00 0.21 -0.01 -0.08 0.06 -0.11 -0.03 -0.01 -0.09 -0.03 -0.07 -0.09 -0.07 -0.02
HIS C GLY C 10.00 10.00 10.00 10.00 10.00 -0.01 -1.45 -0.07 0.81 -0.72 -0.20 -0.16 -0.05 0.08 0.22 0.06 -0.04 0.10 -0.11 -0.12 -0.06 -0.07 -0.04 -0.04 -0.04 -0.07 -0.04 -0.10 -0.07 -0.02
HIS C HIS C 10.00 10.00 10.00 10.00 10.00 -0.37 -1.58 -0.24 0.84 -0.94 -0.32 0.10 -0.26 -0.09 0.22 0.14 0.03 0.24 -0.10 -0.18 -0.08 -0.15 -0.05 -0.12 -0.06 -0.01 -0.01 -0.01 0.03 -0.02
HIS C ILE C 10.00 10.00 10.00 10.00 10.00 -0.22 -1.27 0.21 0.75 -0.88 -0.01 0.22 -0.19 0.24 0.46 0.21 0.01 0.29 -0.06 -0.15 -0.04 -0.16 -0.10 -0.07 -0.09 -0.06 -0.08 -0.10 -0.03 -0.02
HIS C LEU C 10.00 10.00 10.00 10.00 10.00 -0.46 -1.37 0.32 0.50 -0.95 0.03 0.18 -0.03 0.31 0.50 0.25 -0.01 0.21 -0.13 -0.20 -0.13 -0.15 -0.15 -0.10 -0.18 -0.10 -0.04 -0.08 -0.09 -0.02
HIS C LYS C 10.00 10.00 10.00 10.00 10.00 -0.37 -1.43 0.23 0.68 -0.85 0.03 0.22 -0.16 0.41 0.44 0.23 -0.10 0.21 -0.08 -0.04 0.04 -0.06 -0.07 -0.04 -0.10 -0.09 -0.05 -0.11 -0.06 -0.02
HIS C MET C 10.00 10.00 10.00 10.00 10.00 -0.23 -1.29 0.13 0.48 -0.96 -0.05 0.27 -0.03 0.37 0.43 0.20 -0.07 0.23 -0.03 -0.10 -0.15 -0.02 -0.04 -0.05 -0.10 -0.09 -0.04 -0.04 -0.07 -0.02
HIS C PHE C 10.00 10.00 10.00 10.00 10.00 -0.27 -1.32 -0.08 0.62 -0.88 -0.04 0.17 0.07 0.17 0.40 0.28 0.02 0.16 -0.14 -0.15 -0.16 -0.13 -0.11 -0.05 -0.05 -0.06 -0.07 -0.11 -0.08 -0.02
HIS C PRO C 10.00 10.00 10.00 10.00 10.00 -0.60 -1.73 0.59 1.26 -0.36 0.29 -0.02 -0.20 0.08 0.15 0.19 0.01 0.08 -0.13 -0.10 -0.09 -0.05 -0.07 -0.03 -0.07 -0.02 0.04 -0.04 -0.01 -0.02
HIS C SER C 10.00 10.00 10.00 10.00 10.00 -0.20 -1.36 -0.26 0.73 -0.86 -0.02 -0.08 -0.17 0.03 0.30 0.17 -0.09 0.11 -0.10 -0.14 -0.12 -0.11 -0.06 -0.06 -0.07 0.02 -0.08 -0.09 -0.06 -0.02
HIS C THR C 10.00 10.00 10.00 10.00 10.00 -0.30 -1.22 -0.35 0.84 -0.83 -0.14 -0.04 -0.24 -0.05 0.27 0.11 -0.05 0.07 -0.12 -0.17 -0.13 -0.16 -0.12 -0.10 -0.10 -0.08 -0.06 -0.12 -0.06 -0.02
HIS C TRP C 10.00 10.00 10.00 10.00 10.00 -0.44 -1.30 -0.30 0.78 -1.07 0.04 0.12 -0.06 0.06 0.36 0.15 -0.11 0.09 -0.10 -0.27 -0.10 -0.23 -0.29 -0.17 -0.15 -0.05 -0.08 -0.08 -0.07 -0.02
HIS C TYR C 10.00 10.00 10.00 10.00 10.00 -0.28 -1.23 -0.16 1.05 -0.95 0.07 0.05 -0.15 -0.02 0.42 0.23 0.03 0.17 -0.10 -0.18 -0.11 -0.13 -0.12 -0.09 -0.04 -0.07 -0.03 -0.09 -0.03 -0.02
HIS C VAL C 10.00 10.00 10.00 10.00 10.00 -0.09 -1.19 0.25 0.89 -0.85 -0.07 0.21 -0.18 0.05 0.42 0.22 0.01 0.22 -0.16 -0.20 -0.10 -0.21 -0.17 -0.08 -0.09 -0.11 -0.10 -0.14 -0.09 -0.02
ILE C ALA C 10.00 10.00 10.00 10.00 10.00 -0.60 -1.32 0.39 0.64 -1.12 0.06 0.10 -0.31 0.07 0.27 0.12 -0.21 0.09 -0.22 -0.28 -0.23 -0.28 -0.20 -0.17 -0.16 -0.08 -0.09 -0.08 -0.06 -0.02
ILE C ARG C 10.00 10.00 10.00 10.00 10.00 -0.65 -1.48 0.12 0.48 -1.04 0.03 0.25 -0.19 0.19 0.45 0.31 -0.12 0.25 -0.07 -0.26 -0.13 -0.20 -0.13 -0.13 -0.14 -0.09 -0.11 -0.16 -0.09 -0.02
ILE C ASN C 10.00 10.00 10.00 10.00 10.00 -0.38 -1.53 0.27 0.72 -0.84 0.01 0.15 -0.10 0.09 0.36 0.22 -0.09 0.18 -0.06 -0.16 -0.11 -0.16 -0.17 -0.09 -0.15 -0.11 -0.13 -0.14 -0.08 -0.02
ILE C ASP C 10.00 10.00 10.00 10.00 10.00 -0.58 -1.56 0.26 0.60 -0.88 0.07 0.29 0.01 0.07 0.38 0.34 -0.07 0.21 -0.06 -0.15 -0.09 -0.16 -0.08 -0.11 -0.10 -0.12 -0.11 -0.12 -0.09 -0.02
ILE C CYS C 10.00 10.00 10.00 10.00 10.00 -0.03 -1.26 0.14 1.12 -0.94 -0.01 0.21 -0.35 -0.23 0.27 -0.01 -0.09 0.09 -0.22 -0.23 -0.23 -0.29 -0.29 -0.18 -0.10 -0.10 -0.06 -0.09 -0.04 -0.02
ILE C GLN C 10.00 10.00 10.00 10.00 10.00 -0.57 -1.48 0.41 0.26 -1.14 0.16 0.26 -0.26 0.28 0.49 0.35 -0.12 0.24 -0.12 -0.22 -0.16 -0.18 -0.16 -0.13 -0.16 -0.16 -0.12 -0.16 -0.09 -0.02
ILE C GLU C 10.00 10.00 10.00 10.00 10.00 -0.65 -1.55 0.32 0.23 -1.15 0.11 0.39 -0.12 0.30 0.54 0.31 -0.19 0.25 -0.04 -0.24 -0.10 -0.17 -0.13 -0.16 -0.20 -0.13 -0.12 -0.16 -0.13 -0.02
ILE C GLY C 10.00 10.00 10.00 10.00 10.00 0.10 -1.36 0.00 1.00 -0.70 -0.18 -0.02 -0.10 0.06 0.34 0.19 0.03 0.11 -0.08 -0.19 -0.08 -0.17 -0.10 -0.06 -0.06 -0.07 -0.09 -0.08 -0.05 -0.02
ILE C HIS C 10.00 10.00 10.00 10.00 10.00 -0.22 -1.27 0.21 0.75 -0.88 -0.01 0.22 -0.19 0.24 0.46 0.21 0.01 0.29 -0.06 -0.15 -0.04 -0.16 -0.10 -0.07 -0.09 -0.06 -0.08 -0.10 -0.03 -0.02
ILE C ILE C 10.00 10.00 10.00 10.00 10.00 -0.00 -1.27 0.65 1.65 -1.13 -0.19 0.45 -0.51 -0.11 0.40 -0.00 -0.12 -0.01 -0.29 -0.45 -0.32 -0.48 -0.37 -0.26 -0.17 -0.14 -0.13 -0.09 -0.10 -0.02
ILE C LEU C 10.00 10.00 10.00 10.00 10.00 -0.19 -1.26 0.95 1.04 -1.11 -0.04 0.26 -0.45 0.08 0.46 0.17 -0.12 -0.01 -0.27 -0.39 -0.35 -0.41 -0.35 -0.28 -0.22 -0.18 -0.14 -0.12 -0.07 -0.02
ILE C LYS C 10.00 10.00 10.00 10.00 10.00 -0.58 -1.53 0.24 0.35 -1.09 -0.01 0.25 -0.24 0.16 0.46 0.29 -0.15 0.24 -0.05 -0.23 -0.13 -0.20 -0.15 -0.12 -0.17 -0.11 -0.13 -0.14 -0.12 -0.02
ILE C MET C 10.00 10.00 10.00 10.00 10.00 -0.30 -1.25 0.52 1.13 -1.02 -0.08 0.23 -0.43 0.08 0.55 0.31 -0.03 0.10 -0.26 -0.28 -0.28 -0.33 -0.25 -0.18 -0.17 -0.17 -0.12 -0.10 -0.05 -0.02
ILE C PHE C 10.00 10.00 10.00 10.00 10.00 -0.01 -1.15 0.38 1.31 -0.90 -0.06 0.33 -0.23 -0.05 0.48 0.22 -0.06 0.10 -0.19 -0.30 -0.27 -0.40 -0.30 -0.19 -0.16 -0.15 -0.12 -0.13 -0.08 -0.02
ILE C PRO C 10.00 10.00 10.00 10.00 10.00 -0.68 -1.44 0.98 1.49 -0.41 0.39 0.17 -0.29 0.07 0.24 0.21 0.00 0.07 -0.17 -0.17 -0.12 -0.12 -0.06 -0.06 -0.08 -0.11 -0.06 -0.06 -0.04 -0.02
ILE C SER C 10.00 10.00 10.00 10.00 10.00 -0.15 -1.38 -0.02 0.92 -0.83 0.05 0.28 -0.10 0.12 0.42 0.29 -0.05 0.23 -0.03 -0.14 -0.09 -0.18 -0.08 -0.09 -0.09 -0.10 -0.05 -0.07 -0.06 -0.02
ILE C THR C 10.00 10.00 10.00 10.00 5.17 -0.18 -1.38 0.04 1.10 -0.87 0.01 0.23 -0.29 -0.03 0.47 0.17 -0.09 0.15 -0.15 -0.25 -0.16 -0.24 -0.14 -0.13 -0.08 -0.09 -0.08 -0.08 -0.06 -0.02
ILE C TRP C 10.00 10.00 10.00 10.00 10.00 -0.21 -1.18 0.40 1.15 -0.93 -0.06 0.23 -0.07 0.22 0.46 0.24 0.08 0.20 -0.14 -0.30 -0.24 -0.29 -0.23 -0.17 -0.11 -0.04 -0.15 -0.12 -0.10 -0.02
ILE C TYR C 10.00 10.00 10.00 10.00 10.00 -0.12 -1.21 0.10 0.89 -1.02 -0.06 0.35 -0.33 -0.02 0.35 0.11 -0.02 0.15 -0.21 -0.30 -0.25 -0.27 -0.24 -0.14 -0.13 -0.12 -0.09 -0.10 -0.09 -0.02
ILE C VAL C 10.00 10.00 10.00 10.00 10.00 0.08 -1.34 0.39 1.68 -1.10 -0.22 0.42 -0.56 -0.21 0.32 -0.01 -0.13 0.04 -0.29 -0.42 -0.34 -0.40 -0.33 -0.22 -0.14 -0.11 -0.07 -0.10 -0.10 -0.02
LEU C ALA C 10.00 10.00 10.00 10.00 10.00 -0.73 -1.47 0.78 0.47 -1.27 0.10 0.07 -0.32 0.19 0.33 0.17 -0.27 0.00 -0.24 -0.30 -0.23 -0.26 -0.18 -0.17 -0.18 -0.12 -0.09 -0.14 -0.08 -0.02
LEU C ARG C 10.00 10.00 10.00 10.00 10.00 -0.82 -1.52 0.41 0.30 -1.21 0.07 0.13 -0.19 0.30 0.48 0.27 -0.18 0.15 -0.14 -0.23 -0.12 -0.20 -0.15 -0.15 -0.19 -0.12 -0.11 -0.13 -0.09 -0.02
LEU C ASN C 10.00 10.00 10.00 10.00 10.00 -0.46 -1.54 0.48 0.39 -1.01 -0.00 0.09 -0.02 0.20 0.37 0.18 -0.11 0.18 -0.08 -0.13 -0.09 -0.15 -0.11 -0.12 -0.15 -0.12 -0.10 -0.14 -0.09 -0.02
LEU C ASP C 10.00 10.00 10.00 10.00 10.00 -0.65 -1.61 0.55 0.35 -0.95 0.14 0.26 0.03 0.21 0.44 0.29 -0.10 0.21 -0.03 -0.16 -0.07 -0.15 -0.12 -0.11 -0.18 -0.14 -0.12 -0.10 -0.10 -0.02
LEU C CYS C 10.00 10.00 10.00 10.00 10.00 -0.28 -1.32 0.37 0.83 -1.03 -0.07 0.07 -0.30 0.05 0.17 0.15 -0.14 0.00 -0.22 -0.33 -0.23 -0.28 -0.27 -0.14 -0.16 -0.12 -0.09 -0.06 -0.06 -0.02
LEU C GLN C 10.00 10.00 10.00 10.00 10.00 -0.82 -1.55 0.61 -0.00 -1.23 0.13 0.20 -0.17 0.40 0.55 0.32 -0.28 0.15 -0.11 -0.21 -0.07 -0.21 -0.13 -0.15 -0.16 -0.11 -0.09 -0.13 -0.10 -0.02
LEU C GLU C 10.00 10.00 10.00 10.00 10.00 -0.82 -1.56 0.71 0.01 -1.27 0.24 0.26 -0.06 0.45 0.65 0.36 -0.20 0.26 -0.06 -0.17 -0.08 -0.15 -0.11 -0.10 -0.18 -0.12 -0.06 -0.13 -0.10 -0.02
LEU C GLY C 10.00 10.00 10.00 10.00 10.00 0.08 -1.42 0.36 0.84 -0.82 -0.28 0.01 -0.03 0.15 0.31 0.17 -0.03 0.11 -0.07 -0.12 -0.06 -0.12 -0.10 -0.06 -0.06 -0.07 -0.08 -0.08 -0.06 -0.02
LEU C HIS C 10.00 10.00 10.00 10.00 10.00 -0.46 -1.37 0.32 0.50 -0.95 0.03 0.18 -0.03 0.31 0.50 0.25 -0.01 0.21 -0.13 -0.20 -0.13 -0.15 -0.15 -0.10 -0.18 -0.10 -0.04 -0.08 -0.09 -0.02
LEU C ILE C 10.00 10.00 10.00 10.00 10.00 -0.19 -1.26 0.95 1.04 -1.11 -0.04 0.26 -0.45 0.08 0.46 0.17 -0.12 -0.01 -0.27 -0.39 -0.35 -0.41 -0.35 -0.28 -0.22 -0.18 -0.14 -0.12 -0.07 -0.02
LEU C LEU C 10.00 10.00 10.00 10.00 5.47 -0.37 -1.30 1.01 0.81 -1.12 0.04 0.03 -0.39 0.22 0.51 0.18 -0.14 -0.02 -0.22 -0.36 -0.32 -0.41 -0.33 -0.27 -0.26 -0.17 -0.11 -0.11 -0.05 -0.02
LEU C LYS C 10.00 10.00 10.00 10.00 10.00 -0.90 -1.66 0.49 0.03 -1.24 0.06 0.13 -0.17 0.32 0.48 0.24 -0.23 0.17 -0.10 -0.20 -0.12 -0.17 -0.14 -0.15 -0.18 -0.12 -0.11 -0.16 -0.09 -0.02
LEU C MET C 10.00 10.00 10.00 10.00 10.00 -0.55 -1.34 0.77 0.85 -1.10 0.11 0.22 -0.28 0.32 0.58 0.28 -0.12 0.16 -0.13 -0.24 -0.24 -0.26 -0.26 -0.18 -0.18 -0.10 -0.12 -0.07 -0.01 -0.02
LEU C PHE C 10.00 10.00 10.00 10.00 10.00 -0.12 -1.26 0.34 0.83 -1.02 -0.03 0.03 -0.31 0.06 0.48 0.18 -0.07 0.08 -0.29 -0.31 -0.33 -0.38 -0.32 -0.26 -0.25 -0.21 -0.20 -0.19 -0.12 -0.02
LEU C PRO C 10.00 10.00 10.00 10.00 10.00 -0.82 -1.51 1.37 1.34 -0.50 0.36 0.00 -0.14 0.09 0.22 0.17 0.02 0.11 -0.15 -0.15 -0.13 -0.13 -0.10 -0.09 -0.11 -0.06 -0.04 -0.05 -0.00 -0.02
LEU C SER C 10.00 10.00 10.00 10.00 10.00 -0.46 -1.49 0.26 0.63 -0.99 0.06 0.25 -0.08 0.19 0.45 0.22 -0.09 0.14 -0.07 -0.18 -0.11 -0.17 -0.12 -0.11 -0.14 -0.09 -0.08 -0.10 -0.08 -0.02
LEU C THR C 10.00 10.00 10.00 10.00 10.00 -0.47 -1.50 0.15 0.62 -0.94 0.15 0.20 -0.13 0.15 0.44 0.19 -0.07 0.16 -0.13 -0.21 -0.18 -0.23 -0.15 -0.12 -0.14 -0.12 -0.07 -0.13 -0.07 -0.02
LEU C TRP C 10.00 10.00 10.00 10.00 10.00 -0.30 -1.19 0.47 0.61 -0.92 0.18 0.12 -0.09 0.17 0.45 0.28 0.02 0.15 -0.15 -0.28 -0.18 -0.25 -0.24 -0.18 -0.20 -0.12 -0.08 -0.09 -0.07 -0.02
LEU C TYR C 10.00 10.00 10.00 10.00 10.00 -0.29 -1.28 0.27 0.77 -1.05 -0.04 0.10 -0.21 0.09 0.43 0.20 -0.06 0.15 -0.15 -0.28 -0.26 -0.27 -0.24 -0.18 -0.17 -0.12 -0.11 -0.10 -0.10 -0.02
LEU C VAL C 10.00 10.00 10.00 10.00 10.00 -0.20 -1.31 0.65 1.14 -1.04 -0.03 0.25 -0.47 0.01 0.35 0.08 -0.11 0.03 -0.29 -0.41 -0.34 -0.40 -0.31 -0.22 -0.20 -0.13 -0.09 -0.11 -0.07 -0.02
LYS C ALA C 10.00 10.00 10.00 10.00 10.00 -0.88 -1.70 0.51 0.31 -1.28 0.09 0.01 -0.40 0.25 0.39 0.20 -0.25 0.08 -0.14 -0.18 -0.10 -0.17 -0.07 -0.06 -0.16 -0.07 -0.06 -0.11 -0.08 -0.02
LYS C ARG C 10.00 10.00 10.00 10.00 10.00 -0.74 -1.65 0.28 0.64 -1.07 0.02 0.07 -0.33 0.31 0.43 0.38 -0.13 0.27 -0.01 -0.10 0.00 -0.11 -0.02 -0.04 -0.09 -0.07 -0.07 -0.13 -0.09 -0.02
LYS C ASN C 10.00 10.00 10.00 10.00 10.00 -0.44 -1.73 0.12 0.79 -0.98 -0.19 -0.19 -0.28 0.14 0.39 0.15 -0.16 0.13 -0.03 -0.08 -0.05 -0.11 -0.01 0.03 -0.10 -0.04 -0.03 -0.08 -0.07 -0.02
LYS C ASP C 10.00 10.00 10.00 10.00 10.00 -0.48 -1.76 0.33 0.92 -1.12 -0.32 -0.39 -0.49 0.04 0.28 0.19 -0.12 0.11 -0.04 -0.14 -0.10 -0.16 -0.11 -0.07 -0.15 -0.04 -0.03 -0.09 -0.06 -0.02
LYS C CYS C 10.00 10.00 10.00 10.00 10.00 -0.36 -1.32 0.07 0.63 -0.85 0.12 0.10 -0.08 0.24 0.42 0.12 -0.08 0.19 -0.09 -0.17 -0.13 -0.09 -0.05 0.01 -0.02 -0.01 0.04 -0.05 0.02 -0.02
LYS C GLN C 10.00 10.00 10.00 10.00 10.00 -0.80 -1.73 0.39 0.56 -1.28 -0.10 -0.11 -0.47 0.32 0.47 0.37 -0.15 0.20 -0.01 -0.12 -0.10 -0.18 -0.02 -0.07 -0.14 -0.09 -0.08 -0.09 -0.04 -0.02
LYS C GLU C 10.00 10.00 10.00 10.00 10.00 -0.91 -1.91 0.38 0.63 -1.40 -0.22 -0.24 -0.78 0.11 0.42 0.27 -0.17 0.17 -0.10 -0.13 -0.07 -0.22 -0.10 -0.09 -0.19 -0.08 -0.07 -0.10 -0.05 -0.02
LYS C GLY C 10.00 10.00 10.00 10.00 10.00 0.07 -1.80 -0.23 0.86 -0.73 -0.29 -0.34 -0.26 0.08 0.29 0.12 -0.02 0.09 -0.13 -0.12 0.02 -0.06 -0.01 0.00 -0.03 -0.03 -0.02 -0.06 -0.09 -0.02
LYS C HIS C 10.00 10.00 10.00 10.00 10.00 -0.37 -1.43 0.23 0.68 -0.85 0.03 0.22 -0.16 0.41 0.44 0.23 -0.10 0.21 -0.08 -0.04 0.04 -0.06 -0.07 -0.04 -0.10 -0.09 -0.05 -0.11 -0.06 -0.02
LYS C ILE C 10.00 10.00 10.00 10.00 10.00 -0.58 -1.53 0.24 0.35 -1.09 -0.01 0.25 -0.24 0.16 0.46 0.29 -0.15 0.24 -0.05 -0.23 -0.13 -0.20 -0.15 -0.12 -0.17 -0.11 -0.13 -0.14 -0.12 -0.02
LYS C LEU C 10.00 10.00 10.00 10.00 10.00 -0.90 -1.66 0.49 0.03 -1.24 0.06 0.13 -0.17 0.32 0.48 0.24 -0.23 0.17 -0.10 -0.20 -0.12 -0.17 -0.14 -0.15 -0.18 -0.12 -0.11 -0.16 -0.09 -0.02
LYS C LYS C 10.00 10.00 10.00 10.00 10.00 -0.62 -1.66 0.44 0.43 -1.03 -0.03 -0.02 -0.33 0.38 0.56 0.31 -0.12 0.29 0.05 -0.07 -0.01 -0.12 -0.05 -0.01 -0.09 -0.08 -0.00 -0.04 -0.04 -0.02
LYS C MET C 10.00 10.00 10.00 10.00 10.00 -0.79 -1.68 0.29 0.18 -1.17 0.08 0.15 -0.17 0.44 0.50 0.32 -0.09 0.11 -0.02 -0.12 -0.10 -0.16 -0.10 -0.12 -0.16 -0.08 -0.07 -0.15 -0.07 -0.02
LYS C PHE C 10.00 10.00 10.00 10.00 10.00 -0.45 -1.34 0.03 0.31 -1.13 0.06 0.17 -0.07 0.22 0.49 0.23 -0.08 0.19 -0.06 -0.11 -0.11 -0.14 -0.10 -0.08 -0.10 -0.10 -0.10 -0.08 -0.11 -0.02
LYS C PRO C 10.00 10.00 10.00 10.00 4.64 -1.04 -1.69 0.74 1.39 -0.44 0.36 -0.19 -0.43 -0.07 0.18 0.11 -0.01 -0.01 -0.18 -0.14 -0.09 -0.12 -0.04 -0.08 -0.15 -0.09 -0.03 -0.05 -0.05 -0.02
LYS C SER C 10.00 10.00 10.00 10.00 10.00 -0.37 -1.55 -0.04 0.81 -0.94 -0.10 -0.07 -0.35 0.09 0.35 0.22 -0.06 0.17 -0.02 -0.13 -0.06 -0.11 -0.02 -0.02 -0.07 -0.04 -0.03 -0.10 -0.06 -0.02
LYS C THR C 10.00 10.00 10.00 10.00 10.00 -0.50 -1.57 -0.04 0.74 -0.95 -0.13 -0.08 -0.35 0.00 0.41 0.18 -0.08 0.12 -0.09 -0.18 -0.06 -0.17 -0.11 -0.10 -0.10 -0.11 -0.09 -0.12 -0.10 -0.02
LYS C TRP C 10.00 10.00 10.00 10.00 10.00 -0.89 -1.57 -0.24 0.23 -1.30 -0.03 -0.18 -0.21 -0.08 0.26 0.13 -0.26 0.01 -0.15 -0.23 -0.22 -0.25 -0.17 -0.19 -0.19 -0.15 -0.18 -0.23 -0.18 -0.02
LYS C TYR C 10.00 10.00 10.00 10.00 10.00 -0.42 -1.39 -0.22 0.48 -1.16 -0.11 -0.11 -0.32 -0.02 0.36 0.09 -0.17 0.15 -0.16 -0.21 -0.09 -0.14 -0.11 -0.09 -0.17 -0.08 -0.13 -0.15 -0.14 -0.02
LYS C VAL C 10.00 10.00 10.00 10.00 10.00 -0.53 -1.51 -0.02 0.56 -1.00 -0.05 0.19 -0.24 0.06 0.44 0.26 -0.15 0.18 -0.08 -0.22 -0.09 -0.16 -0.14 -0.11 -0.13 -0.11 -0.10 -0.14 -0.10 -0.02
MET C ALA C 10.00 10.00 10.00 10.00 10.00 -0.60 -1.36 0.65 0.55 -1.19 0.13 0.10 -0.27 0.24 0.36 0.23 -0.21 0.08 -0.19 -0.24 -0.20 -0.25 -0.15 -0.13 -0.16 -0.05 -0.07 -0.10 -0.10 -0.02
MET C ARG C 10.00 10.00 10.00 10.00 10.00 -0.90 -1.39 0.34 0.27 -1.13 0.25 0.17 -0.16 0.42 0.54 0.29 -0.13 0.14 -0.13 -0.18 -0.04 -0.11 -0.15 -0.08 -0.18 -0.08 -0.10 -0.14 -0.02 -0.02
MET C ASN C 10.00 10.00 10.00 10.00 10.00 -0.29 -1.40 0.41 0.80 -0.88 0.04 0.12 -0.06 0.27 0.37 0.23 -0.03 0.20 0.02 -0.08 -0.10 -0.11 -0.02 -0.06 -0.09 -0.05 -0.07 -0.07 -0.06 -0.02
MET C ASP C 10.00 10.00 10.00 10.00 10.00 -0.71 -1.42 0.46 0.51 -0.98 0.19 0.26 -0.07 0.21 0.48 0.30 -0.14 0.26 -0.00 -0.09 -0.06 -0.21 -0.07 -0.09 -0.15 -0.10 -0.13 -0.16 -0.07 -0.02
MET C CYS C 10.00 10.00 10.00 10.00 10.00 0.11 -1.09 0.33 0.75 -1.03 0.05 -0.15 -0.39 -0.01 0.18 0.03 -0.02 0.06 -0.27 -0.28 -0.26 -0.42 -0.30 -0.25 -0.03 -0.07 0.01 -0.22 -0.02 -0.02
MET C GLN C 10.00 10.00 10.00 10.00 10.00 -0.81 -1.44 0.43 -0.01 -1.25 0.21 0.15 -0.18 0.25 0.54 0.25 -0.19 0.18 -0.18 -0.10 -0.10 -0.16 -0.13 -0.18 -0.21 -0.09 -0.13 -0.14 -0.14 -0.02
MET C GLU C 10.00 10.00 10.00 10.00 10.00 -0.84 -1.61 0.47 0.08 -1.22 0.33 0.14 -0.04 0.44 0.66 0.37 -0.22 0.27 -0.04 -0.17 -0.07 -0.14 -0.12 -0.12 -0.16 -0.16 -0.10 -0.15 -0.12 -0.02
MET C GLY C 10.00 10.00 10.00 10.00 10.00 -0.01 -1.40 0.34 0.73 -0.74 -0.18 -0.03 -0.08 0.19 0.24 0.16 -0.04 0.06 -0.08 -0.10 -0.01 -0.06 -0.06 -0.03 -0.02 -0.04 -0.05 -0.07 -0.06 -0.02
MET C HIS C 10.00 10.00 10.00 10.00 10.00 -0.23 -1.29 0.13 0.48 -0.96 -0.05 0.27 -0.03 0.37 0.43 0.20 -0.07 0.23 -0.03 -0.10 -0.15 -0.02 -0.04 -0.05 -0.10 -0.09 -0.04 -0.04 -0.07 -0.02
MET C ILE C 10.00 10.00 10.00 10.00 10.00 -0.30 -1.25 0.52 1.13 -1.02 -0.08 0.23 -0.43 0.08 0.55 0.31 -0.03 0.10 -0.26 -0.28 -0.28 -0.33 -0.25 -0.18 -0.17 -0.17 -0.12 -0.10 -0.05 -0.02
MET C LEU C 10.00 10.00 10.00 10.00 10.00 -0.55 -1.34 0.77 0.85 -1.10 0.11 0.22 -0.28 0.32 0.58 0.28 -0.12 0.16 -0.13 -0.24 -0.24 -0.26 -0.26 -0.18 -0.18 -0.10 -0.12 -0.07 -0.01 -0.02
MET C LYS C 10.00 10.00 10.00 10.00 10.00 -0.79 -1.68 0.29 0.18 -1.17 0.08 0.15 -0.17 0.44 0.50 0.32 -0.09 0.11 -0.02 -0.12 -0.10 -0.16 -0.10 -0.12 -0.16 -0.08 -0.07 -0.15 -0.07 -0.02
MET C MET C 10.00 10.00 10.00 10.00 10.00 -0.62 -1.42 0.61 0.61 -1.36 0.17 -0.03 -0.61 0.16 0.41 0.14 -0.06 -0.04 -0.22 -0.36 -0.22 -0.38 -0.24 -0.28 -0.26 -0.18 -0.13 -0.20 -0.09 -0.02
MET C PHE C 10.00 10.00 10.00 10.00 10.00 -0.38 -1.16 0.15 0.87 -1.00 0.03 0.12 -0.31 0.07 0.52 0.22 -0.07 0.11 -0.21 -0.25 -0.24 -0.28 -0.23 -0.27 -0.19 -0.11 -0.14 -0.12 -0.05 -0.02
MET C PRO C 10.00 10.00 10.00 10.00 10.00 -0.65 -1.34 0.78 1.08 -0.52 0.37 -0.05 -0.08 0.01 0.31 0.16 0.03 0.06 -0.07 -0.09 -0.03 -0.06 0.01 -0.05 -0.08 -0.02 -0.02 -0.05 0.04 -0.02
MET C SER C 10.00 10.00 10.00 10.00 10.00 -0.29 -1.37 0.12 0.90 -0.90 0.00 0.12 -0.16 0.14 0.43 0.19 -0.16 0.10 -0.08 -0.21 -0.13 -0.15 -0.11 -0.12 -0.14 -0.10 -0.10 -0.14 -0.08 -0.02
MET C THR C 10.00 10.00 10.00 10.00 10.00 -0.13 -1.30 0.22 0.86 -0.89 0.07 0.33 -0.18 0.21 0.56 0.28 -0.13 0.17 -0.03 -0.15 -0.09 -0.16 -0.16 -0.05 -0.03 -0.07 -0.01 -0.01 -0.02 -0.02
MET C TRP C 10.00 10.00 10.00 10.00 10.00 0.36 -1.09 0.39 0.95 -0.92 0.03 0.17 -0.01 0.10 0.57 0.42 -0.05 0.28 -0.15 -0.21 -0.20 -0.25 -0.07 -0.21 -0.12 -0.08 -0.06 -0.09 -0.07 -0.02
MET C TYR C 10.00 10.00 10.00 10.00 10.00 -0.25 -1.10 0.34 0.59 -1.08 0.12 0.05 -0.19 0.13 0.39 0.22 0.00 0.14 -0.20 -0.24 -0.26 -0.31 -0.20 -0.19 -0.21 -0.14 -0.10 -0.12 -0.04 -0.02
MET C VAL C 10.00 10.00 10.00 10.00 10.00 -0.23 -1.31 0.27 0.95 -1.05 -0.06 0.16 -0.41 0.04 0.34 0.11 -0.12 0.08 -0.22 -0.30 -0.27 -0.33 -0.26 -0.26 -0.17 -0.12 -0.12 -0.12 -0.11 -0.02
PHE C ALA C 10.00 10.00 10.00 10.00 10.00 -0.64 -1.19 0.16 0.69 -1.06 0.11 0.12 -0.17 0.12 0.42 0.16 -0.16 0.05 -0.18 -0.24 -0.20 -0.20 -0.16 -0.18 -0.17 -0.09 -0.09 -0.11 -0.09 -0.02
PHE C ARG C 10.00 10.00 10.00 10.00 10.00 -0.52 -1.32 -0.07 0.57 -1.10 0.07 0.30 0.02 0.23 0.48 0.24 -0.04 0.24 -0.08 -0.13 -0.07 -0.17 -0.08 -0.07 -0.12 -0.08 -0.09 -0.09 -0.03 -0.02
PHE C ASN C 10.00 10.00 10.00 10.00 10.00 -0.39 -1.42 0.12 0.52 -0.90 -0.06 0.10 -0.02 0.08 0.36 0.19 -0.04 0.13 -0.08 -0.17 -0.10 -0.14 -0.11 -0.06 -0.11 -0.08 -0.07 -0.11 -0.09 -0.02
PHE C ASP C 10.00 10.00 10.00 10.00 10.00 -0.66 -1.57 0.07 0.48 -0.93 0.13 0.22 0.03 0.22 0.42 0.23 -0.00 0.18 -0.03 -0.08 -0.03 -0.11 -0.09 -0.10 -0.10 -0.09 -0.10 -0.11 -0.07 -0.02
PHE C CYS C 10.00 10.00 10.00 10.00 10.00 0.05 -1.17 -0.21 1.12 -0.94 -0.20 -0.01 -0.30 -0.22 0.36 -0.02 -0.09 0.00 -0.10 -0.26 -0.27 -0.20 -0.24 -0.15 -0.11 -0.07 -0.05 -0.05 -0.05 -0.02
PHE C GLN C 10.00 10.00 10.00 10.00 10.00 -0.42 -1.27 0.07 0.27 -1.11 0.24 0.18 0.08 0.31 0.51 0.29 -0.07 0.20 -0.11 -0.09 -0.01 -0.03 -0.04 -0.09 -0.11 -0.08 -0.07 -0.11 -0.09 -0.02
PHE C GLU C 10.00 10.00 10.00 10.00 10.00 -0.65 -1.35 0.12 0.33 -1.16 0.22 0.23 0.11 0.34 0.62 0.28 -0.09 0.25 -0.05 -0.09 -0.06 -0.11 -0.05 -0.06 -0.14 -0.08 -0.06 -0.12 -0.08 -0.02
PHE C GLY C 10.00 10.00 10.00 10.00 10.00 -0.05 -1.40 -0.18 0.90 -0.74 -0.23 0.05 -0.03 0.12 0.32 0.16 0.02 0.15 -0.08 -0.04 -0.02 -0.07 -0.06 0.02 0.02 -0.00 -0.03 -0.04 -0.03 -0.02
PHE C HIS C 10.00 10.00 10.00 10.00 10.00 -0.27 -1.32 -0.08 0.62 -0.88 -0.04 0.17 0.07 0.17 0.40 0.28 0.02 0.16 -0.14 -0.15 -0.16 -0.13 -0.11 -0.05 -0.05 -0.06 -0.07 -0.11 -0.08 -0.02
PHE C ILE C 10.00 10.00 10.00 10.00 10.00 -0.01 -1.15 0.38 1.31 -0.90 -0.06 0.33 -0.23 -0.05 0.48 0.22 -0.06 0.10 -0.19 -0.30 -0.27 -0.40 -0.30 -0.19 -0.16 -0.15 -0.12 -0.13 -0.08 -0.02
PHE C LEU C 10.00 10.00 10.00 10.00 10.00 -0.12 -1.26 0.34 0.83 -1.02 -0.03 0.03 -0.31 0.06 0.48 0.18 -0.07 0.08 -0.29 -0.31 -0.33 -0.38 -0.32 -0.26 -0.25 -0.21 -0.20 -0.19 -0.12 -0.02
PHE C LYS C 10.00 10.00 10.00 10.00 10.00 -0.45 -1.34 0.03 0.31 -1.13 0.06 0.17 -0.07 0.22 0.49 0.23 -0.08 0.19 -0.06 -0.11 -0.11 -0.14 -0.10 -0.08 -0.10 -0.10 -0.10 -0.08 -0.11 -0.02
PHE C MET C 10.00 10.00 10.00 10.00 10.00 -0.38 -1.16 0.15 0.87 -1.00 0.03 0.12 -0.31 0.07 0.52 0.22 -0.07 0.11 -0.21 -0.25 -0.24 -0.28 -0.23 -0.27 -0.19 -0.11 -0.14 -0.12 -0.05 -0.02
PHE C PHE C 10.00 10.00 10.00 10.00 10.00 0.22 -1.02 0.25 1.23 -0.92 -0.10 0.12 -0.02 0.05 0.43 0.22 0.04 0.04 -0.20 -0.23 -0.18 -0.26 -0.26 -0.21 -0.13 -0.09 -0.09 -0.03 -0.04 -0.02
PHE C PRO C 10.00 10.00 10.00 10.00 10.00 -0.36 -1.57 0.40 1.21 -0.54 0.17 -0.07 -0.23 -0.03 0.17 0.10 0.01 -0.04 -0.21 -0.20 -0.15 -0.07 -0.08 -0.08 -0.11 -0.07 -0.05 -0.04 -0.05 -0.02
PHE C SER C 10.00 10.00 10.00 10.00 10.00 -0.33 -1.31 -0.32 0.80 -0.98 -0.00 0.08 -0.07 0.06 0.32 0.12 -0.06 0.12 -0.09 -0.16 -0.13 -0.15 -0.12 -0.08 -0.12 -0.11 -0.07 -0.10 -0.08 -0.02
PHE C THR C 10.00 10.00 10.00 10.00 10.00 -0.33 -1.40 -0.39 0.75 -0.90 -0.06 0.14 -0.17 0.07 0.34 0.10 -0.06 0.12 -0.18 -0.24 -0.18 -0.23 -0.18 -0.16 -0.14 -0.14 -0.13 -0.16 -0.16 -0.02
PHE C TRP C 10.00 10.00 10.00 10.00 10.00 0.06 -1.07 0.06 1.09 -0.84 0.09 -0.01 -0.11 0.10 0.43 0.28 -0.02 0.11 -0.12 -0.25 -0.26 -0.22 -0.21 -0.19 -0.17 -0.11 -0.04 -0.13 -0.05 -0.02
PHE C TYR C 10.00 10.00 10.00 10.00 10.00 -0.21 -1.21 -0.06 1.14 -0.96 -0.06 0.09 -0.07 0.00 0.42 0.13 0.01 0.06 -0.18 -0.23 -0.18 -0.21 -0.20 -0.15 -0.12 -0.10 -0.10 -0.11 -0.06 -0.02
PHE C VAL C 10.00 10.00 10.00 10.00 10.00 -0.02 -1.29 0.06 1.19 -0.99 -0.13 0.23 -0.40 -0.11 0.34 0.12 -0.05 0.06 -0.20 -0.34 -0.31 -0.36 -0.31 -0.24 -0.17 -0.17 -0.12 -0.14 -0.09 -0.02
PRO C ALA C 10.00 10.00 10.00 10.00 10.00 -0.80 -1.42 1.02 1.44 -0.45 0.32 -0.18 -0.35 0.04 0.14 0.10 -0.08 0.03 -0.15 -0.14 -0.10 -0.06 -0.09 -0.07 -0.12 -0.08 -0.04 -0.06 -0.03 -0.02
PRO C ARG C 10.00 10.00 10.00 10.00 4.64 -0.70 -1.51 0.82 1.67 -0.45 0.37 -0.12 -0.42 0.01 0.05 0.10 -0.00 -0.07 -0.14 -0.18 -0.13 -0.18 -0.11 -0.07 -0.11 -0.10 -0.07 -0.05 -0.06 -0.02
PRO C ASN C 10.00 10.00 10.00 10.00 10.00 -0.53 -1.98 0.70 1.38 -0.49 0.20 -0.15 -0.41 -0.17 0.01 -0.04 -0.05 -0.03 -0.14 -0.12 -0.09 -0.10 -0.04 -0.03 -0.08 -0.07 -0.04 -0.05 -0.03 -0.02
PRO C ASP C 10.00 10.00 10.00 10.00 4.80 -0.56 -1.95 1.15 1.21 -0.42 0.43 -0.11 -0.27 -0.05 0.12 -0.01 0.02 0.03 -0.10 -0.06 0.01 -0.06 -0.07 -0.04 -0.04 -0.07 -0.08 -0.02 0.01 -0.02
PRO C CYS C 10.00 10.00 10.00 10.00 10.00 -0.82 -1.59 0.12 1.58 -0.53 -0.01 -0.24 -0.41 -0.27 -0.01 -0.13 -0.17 -0.26 -0.29 -0.35 -0.23 -0.25 -0.10 -0.15 -0.09 -0.16 -0.10 -0.11 -0.10 -0.02
PRO C GLN C 10.00 10.00 10.00 10.00 10.00 -0.79 -1.70 0.98 1.30 -0.51 0.30 -0.15 -0.40 0.04 0.14 0.01 -0.04 0.01 -0.11 -0.11 -0.15 -0.10 -0.07 -0.09 -0.09 -0.10 -0.06 -0.03 -0.00 -0.02
PRO C GLU C 10.00 10.00 10.00 10.00 10.00 -0.98 -1.79 1.30 1.11 -0.43 0.38 -0.04 -0.33 0.02 0.22 0.15 -0.02 0.02 -0.10 -0.07 -0.06 -0.10 -0.10 -0.03 -0.10 -0.11 -0.06 -0.05 -0.04 -0.02
PRO C GLY C 10.00 10.00 10.00 10.00 10.00 0.24 -1.69 0.80 1.15 -0.35 -0.06 -0.40 -0.35 -0.04 0.08 0.07 0.07 0.00 -0.13 -0.06 -0.01 -0.02 -0.02 0.01 -0.01 0.01 -0.01 -0.02 -0.01 -0.02
PRO C HIS C 10.00 10.00 10.00 10.00 10.00 -0.60 -1.73 0.59 1.26 -0.36 0.29 -0.02 -0.20 0.08 0.15 0.19 0.01 0.08 -0.13 -0.10 -0.09 -0.05 -0.07 -0.03 -0.07 -0.02 0.04 -0.04 -0.01 -0.02
PRO C ILE C 10.00 10.00 10.00 10.00 10.00 -0.68 -1.44 0.98 1.49 -0.41 0.39 0.17 -0.29 0.07 0.24 0.21 0.00 0.07 -0.17 -0.17 -0.12 -0.12 -0.06 -0.06 -0.08 -0.11 -0.06 -0.06 -0.04 -0.02
PRO C LEU C 10.00 10.00 10.00 10.00 10.00 -0.82 -1.51 1.37 1.34 -0.50 0.36 0.00 -0.14 0.09 0.22 0.17 0.02 0.11 -0.15 -0.15 -0.13 -0.13 -0.10 -0.09 -0.11 -0.06 -0.04 -0.05 -0.00 -0.02
PRO C LYS C 10.00 10.00 10.00 10.00 4.64 -1.04 -1.69 0.74 1.39 -0.44 0.36 -0.19 -0.43 -0.07 0.18 0.11 -0.01 -0.01 -0.18 -0.14 -0.09 -0.12 -0.04 -0.08 -0.15 -0.09 -0.03 -0.05 -0.05 -0.02
PRO C MET C 10.00 10.00 10.00 10.00 10.00 -0.65 -1.34 0.78 1.08 -0.52 0.37 -0.05 -0.08 0.01 0.31 0.16 0.03 0.06 -0.07 -0.09 -0.03 -0.06 0.01 -0.05 -0.08 -0.02 -0.02 -0.05 0.04 -0.02
PRO C PHE C 10.00 10.00 10.00 10.00 10.00 -0.36 -1.57 0.40 1.21 -0.54 0.17 -0.07 -0.23 -0.03 0.17 0.10 0.01 -0.04 -0.21 -0.20 -0.15 -0.07 -0.08 -0.08 -0.11 -0.07 -0.05 -0.04 -0.05 -0.02
PRO C PRO C 10.00 10.00 10.00 10.00 10.00 -1.07 -1.37 2.43 1.60 0.04 0.65 -0.41 -0.52 -0.26 -0.14 -0.25 -0.15 -0.11 -0.29 -0.16 -0.07 -0.16 -0.09 -0.14 -0.09 -0.10 -0.03 -0.04 -0.03 -0.02
PRO C SER C 10.00 10.00 10.00 10.00 10.00 -0.69 -1.61 0.60 1.44 -0.37 0.14 -0.12 -0.40 -0.21 0.02 0.03 0.00 0.06 -0.12 -0.13 -0.04 -0.02 0.00 -0.03 -0.06 -0.03 -0.08 -0.03 0.01 -0.02
PRO C THR C 10.00 10.00 10.00 10.00 10.00 -0.97 -1.61 0.45 1.36 -0.43 0.21 -0.11 -0.34 -0.16 0.12 0.08 -0.04 -0.03 -0.19 -0.18 -0.04 -0.09 -0.08 -0.05 -0.06 -0.08 -0.09 -0.06 -0.06 -0.02
PRO C TRP C 10.00 10.00 10.00 10.00 10.00 -0.45 -1.37 0.99 1.50 -0.41 0.39 0.05 -0.25 -0.15 0.12 -0.04 -0.13 -0.15 -0.29 -0.29 -0.19 -0.18 -0.17 -0.15 -0.11 -0.11 -0.11 -0.06 -0.13 -0.02
PRO C TYR C 10.00 10.00 10.00 10.00 10.00 -0.59 -1.59 0.58 1.23 -0.51 0.10 -0.06 -0.31 -0.12 0.15 0.08 0.02 -0.07 -0.28 -0.27 -0.21 -0.21 -0.10 -0.10 -0.13 -0.11 -0.05 -0.07 -0.06 -0.02
PRO C VAL C 10.00 10.00 10.00 10.00 10.00 -0.59 -1.47 0.35 1.48 -0.51 0.23 0.06 -0.30 -0.01 0.22 0.15 0.02 0.05 -0.15 -0.24 -0.13 -0.17 -0.08 -0.09 -0.08 -0.13 -0.10 -0.04 -0.05 -0.02
SER C ALA C 10.00 10.00 10.00 10.00 5.53 -0.46 -1.41 0.21 0.61 -0.98 0.08 -0.03 -0.24 0.18 0.36 0.18 -0.15 0.11 -0.09 -0.15 -0.09 -0.14 -0.07 -0.05 -0.10 -0.05 -0.05 -0.10 -0.10 -0.02
SER C ARG C 10.00 10.00 10.00 10.00 10.00 -0.43 -1.50 0.18 0.78 -0.89 -0.02 0.05 -0.28 0.07 0.37 0.28 -0.10 0.16 0.02 -0.14 -0.05 -0.14 -0.05 -0.02 -0.04 -0.04 -0.02 -0.06 -0.07 -0.02
SER C ASN C 10.00 10.00 10.00 10.00 10.00 -0.16 -1.48 -0.01 0.98 -0.78 -0.14 -0.19 -0.23 -0.01 0.19 0.09 -0.05 0.07 -0.10 -0.12 -0.09 -0.08 -0.05 -0.07 -0.06 -0.03 -0.04 -0.06 -0.07 -0.02
SER C ASP C 10.00 10.00 10.00 10.00 10.00 -0.32 -1.55 0.15 0.87 -1.01 -0.21 -0.18 -0.11 0.10 0.23 0.12 -0.03 0.12 0.01 -0.06 0.02 -0.06 -0.09 -0.01 -0.09 -0.04 -0.07 -0.07 -0.05 -0.02
SER C CYS C 10.00 10.00 10.00 10.00 10.00 -0.14 -1.48 -0.42 0.82 -1.05 -0.26 -0.19 -0.23 -0.12 0.09 -0.12 -0.26 -0.06 -0.22 -0.27 -0.17 -0.24 -0.13 -0.09 -0.05 -0.02 -0.01 -0.12 -0.03 -0.02
SER C GLN C 10.00 10.00 10.00 10.00 10.00 -0.39 -1.53 0.29 0.59 -0.94 -0.00 0.00 -0.30 0.12 0.29 0.23 -0.11 0.14 -0.06 -0.11 -0.09 -0.12 -0.06 -0.06 -0.06 -0.03 -0.01 -0.06 -0.06 -0.02
SER C GLU C 10.00 10.00 10.00 10.00 10.00 -0.56 -1.47 0.34 0.37 -1.00 0.07 0.09 -0.19 0.24 0.52 0.28 -0.07 0.20 -0.01 -0.07 -0.01 -0.09 -0.03 -0.04 -0.07 -0.01 -0.04 -0.08 -0.05 -0.02
SER C GLY C 10.00 10.00 10.00 10.00 10.00 0.11 -1.65 -0.22 0.71 -0.70 -0.26 -0.35 -0.24 -0.04 0.14 0.04 -0.05 0.04 -0.12 -0.09 -0.06 -0.10 -0.06 -0.01 -0.03 -0.02 -0.06 -0.10 -0.06 -0.02
SER C HIS C 10.00 10.00 10.00 10.00 10.00 -0.20 -1.36 -0.26 0.73 -0.86 -0.02 -0.08 -0.17 0.03 0.30 0.17 -0.09 0.11 -0.10 -0.14 -0.12 -0.11 -0.06 -0.06 -0.07 0.02 -0.08 -0.09 -0.06 -0.02
SER C ILE C 10.00 10.00 10.00 10.00 10.00 -0.15 -1.38 -0.02 0.92 -0.83 0.05 0.28 -0.10 0.12 0.42 0.29 -0.05 0.23 -0.03 -0.14 -0.09 -0.18 -0.08 -0.09 -0.09 -0.10 -0.05 -0.07 -0.06 -0.02
SER C LEU C 10.00 10.00 10.00 10.00 10.00 -0.46 -1.49 0.26 0.63 -0.99 0.06 0.25 -0.08 0.19 0.45 0.22 -0.09 0.14 -0.07 -0.18 -0.11 -0.17 -0.12 -0.11 -0.14 -0.09 -0.08 -0.10 -0.08 -0.02
SER C LYS C 10.00 10.00 10.00 10.00 10.00 -0.37 -1.55 -0.04 0.81 -0.94 -0.10 -0.07 -0.35 0.09 0.35 0.22 -0.06 0.17 -0.02 -0.13 -0.06 -0.11 -0.02 -0.02 -0.07 -0.04 -0.03 -0.10 -0.06 -0.02
SER C MET C 10.00 10.00 10.00 10.00 10.00 -0.29 -1.37 0.12 0.90 -0.90 0.00 0.12 -0.16 0.14 0.43 0.19 -0.16 0.10 -0.08 -0.21 -0.13 -0.15 -0.11 -0.12 -0.14 -0.10 -0.10 -0.14 -0.08 -0.02
SER C PHE C 10.00 10.00 10.00 10.00 10.00 -0.33 -1.31 -0.32 0.80 -0.98 -0.00 0.08 -0.07 0.06 0.32 0.12 -0.06 0.12 -0.09 -0.16 -0.13 -0.15 -0.12 -0.08 -0.12 -0.11 -0.07 -0.10 -0.08 -0.02
SER C PRO C 10.00 10.00 10.00 10.00 10.00 -0.69 -1.61 0.60 1.44 -0.37 0.14 -0.12 -0.40 -0.21 0.02 0.03 0.00 0.06 -0.12 -0.13 -0.04 -0.02 0.00 -0.03 -0.06 -0.03 -0.08 -0.03 0.01 -0.02
SER C SER C 10.00 10.00 10.00 10.00 4.49 -0.31 -1.60 -0.24 0.90 -0.89 -0.21 -0.14 -0.28 -0.12 0.18 0.14 -0.15 0.07 -0.09 -0.10 -0.06 -0.16 -0.10 -0.01 -0.07 -0.04 -0.05 -0.12 -0.05 -0.02
SER C THR C 10.00 10.00 10.00 10.00 10.00 -0.17 -1.37 -0.18 1.02 -0.82 -0.10 0.02 -0.30 -0.15 0.23 0.14 -0.07 0.05 -0.11 -0.16 -0.09 -0.17 -0.14 -0.09 -0.11 -0.05 -0.07 -0.10 -0.09 -0.02
SER C TRP C 10.00 10.00 10.00 10.00 10.00 -0.44 -1.33 -0.26 0.89 -0.91 0.09 0.19 -0.01 0.15 0.39 0.21 0.04 0.12 -0.07 -0.05 -0.10 -0.11 -0.01 -0.09 -0.07 -0.04 -0.01 -0.06 -0.06 -0.02
SER C TYR C 10.00 10.00 10.00 10.00 10.00 -0.24 -1.28 -0.35 0.75 -0.90 -0.03 0.07 -0.07 0.10 0.33 0.18 -0.02 0.12 -0.10 -0.16 -0.11 -0.14 -0.08 -0.03 -0.07 -0.08 -0.09 -0.07 -0.04 -0.02
SER C VAL C 10.00 10.00 10.00 10.00 10.00 -0.19 -1.29 -0.10 1.08 -0.81 0.04 0.26 -0.09 0.07 0.40 0.22 -0.05 0.18 -0.06 -0.14 -0.11 -0.14 -0.13 -0.08 -0.09 -0.05 -0.08 -0.09 -0.05 -0.02
THR C ALA C 10.00 10.00 10.00 10.00 10.00 -0.45 -1.28 0.13 0.67 -0.96 0.13 0.02 -0.28 0.09 0.35 0.11 -0.19 0.05 -0.14 -0.19 -0.12 -0.17 -0.10 -0.09 -0.08 -0.06 -0.06 -0.10 -0.08 -0.02
THR C ARG C 10.00 10.00 10.00 10.00 10.00 -0.34 -1.32 -0.04 0.80 -0.87 -0.09 0.09 -0.27 0.04 0.44 0.25 -0.11 0.15 -0.03 -0.13 -0.07 -0.12 -0.09 -0.11 -0.07 -0.06 -0.05 -0.10 -0.08 -0.02
THR C ASN C 10.00 10.00 10.00 10.00 10.00 -0.09 -1.36 -0.07 0.99 -0.89 -0.10 -0.10 -0.33 -0.07 0.18 0.14 -0.06 0.05 -0.07 -0.10 -0.05 -0.09 -0.09 -0.07 -0.06 -0.05 -0.05 -0.05 -0.09 -0.02
THR C ASP C 10.00 10.00 10.00 10.00 10.00 -0.37 -1.48 0.11 0.88 -0.95 -0.18 -0.07 -0.13 0.06 0.25 0.17 -0.00 0.10 -0.06 -0.16 -0.04 -0.09 -0.04 -0.06 -0.09 -0.07 -0.07 -0.09 -0.09 -0.02
THR C CYS C 10.00 10.00 10.00 10.00 10.00 -0.08 -1.48 -0.03 0.82 -0.91 -0.05 -0.03 -0.24 -0.12 0.12 0.03 -0.24 -0.06 -0.23 -0.28 -0.14 -0.21 -0.18 -0.09 -0.08 -0.09 -0.09 -0.05 -0.08 -0.02
THR C GLN C 10.00 10.00 10.00 10.00 10.00 -0.42 -1.42 0.00 0.61 -1.04 0.02 0.12 -0.30 0.10 0.41 0.33 -0.08 0.15 -0.05 -0.12 -0.10 -0.08 -0.05 -0.02 -0.09 -0.03 -0.03 -0.08 -0.06 -0.02
THR C GLU C 10.00 10.00 10.00 10.00 10.00 -0.66 -1.46 0.07 0.26 -1.06 -0.01 0.12 -0.23 0.20 0.39 0.31 -0.07 0.19 -0.05 -0.16 -0.10 -0.12 -0.08 -0.06 -0.09 -0.07 -0.08 -0.12 -0.08 -0.02
THR C GLY C 10.00 10.00 10.00 10.00 10.00 0.20 -1.55 -0.25 0.82 -0.70 -0.22 -0.18 -0.25 -0.13 0.21 0.09 -0.05 0.11 -0.08 -0.13 -0.05 -0.11 -0.06 -0.05 -0.04 -0.05 -0.04 -0.09 -0.04 -0.02
THR C HIS C 10.00 10.00 10.00 10.00 10.00 -0.30 -1.22 -0.35 0.84 -0.83 -0.14 -0.04 -0.24 -0.05 0.27 0.11 -0.05 0.07 -0.12 -0.17 -0.13 -0.16 -0.12 -0.10 -0.10 -0.08 -0.06 -0.12 -0.06 -0.02
THR C ILE C 10.00 10.00 10.00 10.00 5.17 -0.18 -1.38 0.04 1.10 -0.87 0.01 0.23 -0.29 -0.03 0.47 0.17 -0.09 0.15 -0.15 -0.25 -0.16 -0.24 -0.14 -0.13 -0.08 -0.09 -0.08 -0.08 -0.06 -0.02
THR C LEU C 10.00 10.00 10.00 10.00 10.00 -0.47 -1.50 0.15 0.62 -0.94 0.15 0.20 -0.13 0.15 0.44 0.19 -0.07 0.16 -0.13 -0.21 -0.18 -0.23 -0.15 -0.12 -0.14 -0.12 -0.07 -0.13 -0.07 -0.02
THR C LYS C 10.00 10.00 10.00 10.00 10.00 -0.50 -1.57 -0.04 0.74 -0.95 -0.13 -0.08 -0.35 0.00 0.41 0.18 -0.08 0.12 -0.09 -0.18 -0.06 -0.17 -0.11 -0.10 -0.10 -0.11 -0.09 -0.12 -0.10 -0.02
THR C MET C 10.00 10.00 10.00 10.00 10.00 -0.13 -1.30 0.22 0.86 -0.89 0.07 0.33 -0.18 0.21 0.56 0.28 -0.13 0.17 -0.03 -0.15 -0.09 -0.16 -0.16 -0.05 -0.03 -0.07 -0.01 -0.01 -0.02 -0.02
THR C PHE C 10.00 10.00 10.00 10.00 10.00 -0.33 -1.40 -0.39 0.75 -0.90 -0.06 0.14 -0.17 0.07 0.34 0.10 -0.06 0.12 -0.18 -0.24 -0.18 -0.23 -0.18 -0.16 -0.14 -0.14 -0.13 -0.16 -0.16 -0.02
THR C PRO C 10.00 10.00 10.00 10.00 10.00 -0.97 -1.61 0.45 1.36 -0.43 0.21 -0.11 -0.34 -0.16 0.12 0.08 -0.04 -0.03 -0.19 -0.18 -0.04 -0.09 -0.08 -0.05 -0.06 -0.08 -0.09 -0.06 -0.06 -0.02
THR C SER C 10.00 10.00 10.00 10.00 10.00 -0.17 -1.37 -0.18 1.02 -0.82 -0.10 0.02 -0.30 -0.15 0.23 0.14 -0.07 0.05 -0.11 -0.16 -0.09 -0.17 -0.14 -0.09 -0.11 -0.05 -0.07 -0.10 -0.09 -0.02
THR C THR C 10.00 10.00 10.00 10.00 10.00 -0.21 -1.42 -0.13 1.04 -0.89 -0.21 -0.03 -0.45 -0.27 0.26 0.15 -0.10 0.05 -0.13 -0.19 -0.16 -0.20 -0.18 -0.13 -0.11 -0.09 -0.10 -0.14 -0.11 -0.02
THR C TRP C 10.00 10.00 10.00 10.00 10.00 -0.39 -1.27 -0.16 0.66 -0.80 0.13 0.26 -0.01 0.19 0.40 0.19 -0.03 0.10 -0.06 -0.16 -0.04 -0.18 -0.11 -0.10 -0.08 -0.02 -0.09 -0.13 -0.01 -0.02
THR C TYR C 10.00 10.00 10.00 10.00 10.00 -0.23 -1.31 -0.35 0.82 -0.92 -0.08 0.11 -0.12 -0.08 0.24 0.09 -0.06 0.09 -0.18 -0.22 -0.20 -0.23 -0.17 -0.13 -0.15 -0.13 -0.15 -0.15 -0.10 -0.02
THR C VAL C 10.00 10.00 10.00 10.00 10.00 -0.07 -1.41 -0.12 1.23 -0.85 0.01 0.19 -0.27 -0.04 0.33 0.15 -0.04 0.16 -0.15 -0.23 -0.14 -0.19 -0.17 -0.10 -0.06 -0.06 -0.07 -0.10 -0.06 -0.02
TRP C ALA C 10.00 10.00 10.00 10.00 10.00 -0.69 -1.17 0.57 0.72 -1.04 0.10 0.13 -0.12 0.16 0.50 0.19 -0.14 0.17 -0.14 -0.18 -0.09 -0.20 -0.08 -0.07 -0.14 -0.08 -0.05 -0.08 -0.08 -0.02
TRP C ARG C 10.00 10.00 10.00 10.00 10.00 -0.59 -1.41 0.07 0.36 -1.14 0.02 0.00 -0.23 0.05 0.61 0.28 -0.10 0.21 -0.16 -0.21 -0.14 -0.12 -0.13 -0.15 -0.07 -0.13 -0.14 -0.21 -0.02 -0.02
TRP C ASN C 10.00 10.00 10.00 10.00 10.00 -0.47 -1.42 -0.00 0.68 -0.84 0.14 -0.02 -0.06 0.12 0.27 0.23 -0.10 0.06 0.02 -0.08 -0.05 -0.12 0.01 0.00 -0.03 -0.09 -0.02 -0.03 -0.07 -0.02
TRP C ASP C 10.00 10.00 10.00 10.00 10.00 -0.53 -1.56 0.10 0.74 -0.88 0.16 0.26 -0.01 0.11 0.53 0.22 -0.01 0.20 -0.00 -0.18 -0.12 -0.16 -0.09 -0.07 -0.08 -0.09 -0.08 -0.14 -0.07 -0.02
TRP C CYS C 10.00 10.00 10.00 10.00 10.00 -0.05 -1.23 -0.21 0.89 -0.98 0.01 -0.12 -0.53 0.09 0.11 -0.10 -0.10 0.09 -0.24 -0.31 -0.34 -0.27 -0.18 -0.11 -0.13 -0.20 -0.12 -0.11 -0.09 -0.02
TRP C GLN C 10.00 10.00 10.00 10.00 10.00 -0.79 -1.63 -0.19 0.24 -1.21 -0.05 -0.22 -0.33 0.09 0.35 0.10 -0.16 0.04 -0.20 -0.25 -0.15 -0.26 -0.17 -0.16 -0.21 -0.23 -0.21 -0.20 -0.15 -0.02
TRP C GLU C 10.00 10.00 10.00 10.00 10.00 -0.84 -1.39 0.07 0.41 -1.06 0.22 0.23 -0.05 0.24 0.55 0.39 -0.00 0.33 -0.00 -0.05 -0.05 -0.06 -0.05 -0.05 -0.10 -0.03 -0.08 -0.01 -0.04 -0.02
TRP C GLY C 10.00 10.00 10.00 10.00 10.00 0.09 -1.40 -0.04 0.92 -0.84 -0.11 -0.02 -0.08 0.05 0.31 0.07 -0.01 0.04 -0.15 -0.08 -0.05 -0.08 -0.06 -0.02 -0.10 -0.10 -0.08 -0.15 -0.08 -0.02
TRP C HIS C 10.00 10.00 10.00 10.00 10.00 -0.44 -1.30 -0.30 0.78 -1.07 0.04 0.12 -0.06 0.06 0.36 0.15 -0.11 0.09 -0.10 -0.27 -0.10 -0.23 -0.29 -0.17 -0.15 -0.05 -0.08 -0.08 -0.07 -0.02
TRP C ILE C 10.00 10.00 10.00 10.00 10.00 -0.21 -1.18 0.40 1.15 -0.93 -0.06 0.23 -0.07 0.22 0.46 0.24 0.08 0.20 -0.14 -0.30 -0.24 -0.29 -0.23 -0.17 -0.11 -0.04 -0.15 -0.12 -0.10 -0.02
TRP C LEU C 10.00 10.00 10.00 10.00 10.00 -0.30 -1.19 0.47 0.61 -0.92 0.18 0.12 -0.09 0.17 0.45 0.28 0.02 0.15 -0.15 -0.28 -0.18 -0.25 -0.24 -0.18 -0.20 -0.12 -0.08 -0.09 -0.07 -0.02
TRP C LYS C 10.00 10.00 10.00 10.00 10.00 -0.89 -1.57 -0.24 0.23 -1.30 -0.03 -0.18 -0.21 -0.08 0.26 0.13 -0.26 0.01 -0.15 -0.23 -0.22 -0.25 -0.17 -0.19 -0.19 -0.15 -0.18 -0.23 -0.18 -0.02
TRP C MET C 10.00 10.00 10.00 10.00 10.00 0.36 -1.09 0.39 0.95 -0.92 0.03 0.17 -0.01 0.10 0.57 0.42 -0.05 0.28 -0.15 -0.21 -0.20 -0.25 -0.07 -0.21 -0.12 -0.08 -0.06 -0.09 -0.07 -0.02
TRP C PHE C 10.00 10.00 10.00 10.00 10.00 0.06 -1.07 0.06 1.09 -0.84 0.09 -0.01 -0.11 0.10 0.43 0.28 -0.02 0.11 -0.12 -0.25 -0.26 -0.22 -0.21 -0.19 -0.17 -0.11 -0.04 -0.13 -0.05 -0.02
TRP C PRO C 10.00 10.00 10.00 10.00 10.00 -0.45 -1.37 0.99 1.50 -0.41 0.39 0.05 -0.25 -0.15 0.12 -0.04 -0.13 -0.15 -0.29 -0.29 -0.19 -0.18 -0.17 -0.15 -0.11 -0.11 -0.11 -0.06 -0.13 -0.02
TRP C SER C 10.00 10.00 10.00 10.00 10.00 -0.44 -1.33 -0.26 0.89 -0.91 0.09 0.19 -0.01 0.15 0.39 0.21 0.04 0.12 -0.07 -0.05 -0.10 -0.11 -0.01 -0.09 -0.07 -0.04 -0.01 -0.06 -0.06 -0.02
TRP C THR C 10.00 10.00 10.00 10.00 10.00 -0.39 -1.27 -0.16 0.66 -0.80 0.13 0.26 -0.01 0.19 0.40 0.19 -0.03 0.10 -0.06 -0.16 -0.04 -0.18 -0.11 -0.10 -0.08 -0.02 -0.09 -0.13 -0.01 -0.02
TRP C TRP C 10.00 10.00 10.00 10.00 10.00 0.31 -1.00 0.10 1.25 -0.86 -0.05 -0.07 -0.29 -0.01 0.50 0.34 -0.14 0.26 -0.31 -0.10 -0.23 -0.29 -0.25 -0.14 -0.20 -0.23 -0.14 -0.22 -0.06 -0.02
TRP C TYR C 10.00 10.00 10.00 10.00 10.00 -0.10 -1.29 -0.19 0.70 -1.01 -0.04 -0.08 -0.07 0.02 0.35 0.20 0.01 0.07 -0.17 -0.27 -0.22 -0.25 -0.26 -0.21 -0.11 -0.13 -0.18 -0.18 -0.08 -0.02
TRP C VAL C 10.00 10.00 10.00 10.00 10.00 -0.03 -1.13 0.04 1.13 -1.02 0.05 0.23 -0.20 0.02 0.36 0.18 0.10 0.18 -0.18 -0.33 -0.25 -0.29 -0.23 -0.18 -0.12 -0.11 -0.09 -0.12 -0.13 -0.02
TYR C ALA C 10.00 10.00 10.00 10.00 10.00 -0.46 -1.18 0.11 0.61 -1.06 0.09 0.12 -0.21 0.16 0.39 0.11 -0.17 0.10 -0.13 -0.20 -0.15 -0.17 -0.12 -0.10 -0.08 -0.06 -0.08 -0.08 -0.05 -0.02
TYR C ARG C 10.00 10.00 10.00 10.00 4.49 -0.45 -1.46 -0.12 0.47 -1.08 -0.07 0.07 -0.22 0.05 0.39 0.23 -0.07 0.17 -0.08 -0.13 -0.12 -0.08 -0.06 -0.07 -0.07 -0.08 -0.09 -0.10 -0.05 -0.02
TYR C ASN C 10.00 10.00 10.00 10.00 10.00 -0.43 -1.43 -0.02 0.68 -0.87 -0.09 0.03 0.07 -0.02 0.18 0.05 -0.10 0.09 -0.11 -0.11 -0.13 -0.15 -0.10 -0.10 -0.09 -0.05 -0.08 -0.12 -0.03 -0.02
TYR C ASP C 10.00 10.00 10.00 10.00 10.00 -0.52 -1.55 0.05 0.77 -0.81 0.08 0.15 0.05 0.08 0.38 0.17 -0.01 0.22 -0.07 -0.16 -0.11 -0.13 -0.14 -0.11 -0.11 -0.07 -0.10 -0.12 -0.06 -0.02
TYR C CYS C 10.00 10.00 10.00 10.00 10.00 -0.00 -1.34 -0.38 0.79 -1.10 -0.37 -0.32 -0.22 -0.30 0.08 -0.09 -0.17 -0.11 -0.19 -0.42 -0.28 -0.36 -0.27 -0.13 -0.19 -0.15 -0.04 -0.12 -0.12 -0.02
TYR C GLN C 10.00 10.00 10.00 10.00 10.00 -0.44 -1.42 -0.07 0.29 -1.10 0.10 0.20 -0.12 0.27 0.45 0.30 -0.09 0.19 -0.07 -0.11 -0.12 -0.04 -0.08 -0.06 -0.10 -0.06 -0.05 -0.07 -0.08 -0.02
TYR C GLU C 10.00 10.00 10.00 10.00 10.00 -0.52 -1.38 -0.01 0.31 -1.12 0.04 0.25 -0.03 0.24 0.43 0.25 -0.06 0.20 -0.08 -0.15 -0.07 -0.18 -0.08 -0.11 -0.16 -0.13 -0.09 -0.14 -0.11 -0.02
TYR C GLY C 10.00 10.00 10.00 10.00 10.00 -0.06 -1.41 -0.25 0.61 -0.81 -0.20 -0.12 -0.12 0.02 0.23 0.09 -0.03 0.09 -0.11 -0.16 -0.08 -0.04 -0.06 -0.02 -0.03 -0.03 -0.10 -0.08 -0.08 -0.02
TYR C HIS C 10.00 10.00 10.00 10.00 10.00 -0.28 -1.23 -0.16 1.05 -0.95 0.07 0.05 -0.15 -0.02 0.42 0.23 0.03 0.17 -0.10 -0.18 -0.11 -0.13 -0.12 -0.09 -0.04 -0.07 -0.03 -0.09 -0.03 -0.02
TYR C ILE C 10.00 10.00 10.00 10.00 10.00 -0.12 -1.21 0.10 0.89 -1.02 -0.06 0.35 -0.33 -0.02 0.35 0.11 -0.02 0.15 -0.21 -0.30 -0.25 -0.27 -0.24 -0.14 -0.13 -0.12 -0.09 -0.10 -0.09 -0.02
TYR C LEU C 10.00 10.00 10.00 10.00 10.00 -0.29 -1.28 0.27 0.77 -1.05 -0.04 0.10 -0.21 0.09 0.43 0.20 -0.06 0.15 -0.15 -0.28 -0.26 -0.27 -0.24 -0.18 -0.17 -0.12 -0.11 -0.10 -0.10 -0.02
TYR C LYS C 10.00 10.00 10.00 10.00 10.00 -0.42 -1.39 -0.22 0.48 -1.16 -0.11 -0.11 -0.32 -0.02 0.36 0.09 -0.17 0.15 -0.16 -0.21 -0.09 -0.14 -0.11 -0.09 -0.17 -0.08 -0.13 -0.15 -0.14 -0.02
TYR C MET C 10.00 10.00 10.00 10.00 10.00 -0.25 -1.10 0.34 0.59 -1.08 0.12 0.05 -0.19 0.13 0.39 0.22 0.00 0.14 -0.20 -0.24 -0.26 -0.31 -0.20 -0.19 -0.21 -0.14 -0.10 -0.12 -0.04 -0.02
TYR C PHE C 10.00 10.00 10.00 10.00 10.00 -0.21 -1.21 -0.06 1.14 -0.96 -0.06 0.09 -0.07 0.00 0.42 0.13 0.01 0.06 -0.18 -0.23 -0.18 -0.21 -0.20 -0.15 -0.12 -0.10 -0.10 -0.11 -0.06 -0.02
TYR C PRO C 10.00 10.00 10.00 10.00 10.00 -0.59 -1.59 0.58 1.23 -0.51 0.10 -0.06 -0.31 -0.12 0.15 0.08 0.02 -0.07 -0.28 -0.27 -0.21 -0.21 -0.10 -0.10 -0.13 -0.11 -0.05 -0.07 -0.06 -0.02
TYR C SER C 10.00 10.00 10.00 10.00 10.00 -0.24 -1.28 -0.35 0.75 -0.90 -0.03 0.07 -0.07 0.10 0.33 0.18 -0.02 0.12 -0.10 -0.16 -0.11 -0.14 -0.08 -0.03 -0.07 -0.08 -0.09 -0.07 -0.04 -0.02
TYR C THR C 10.00 10.00 10.00 10.00 10.00 -0.23 -1.31 -0.35 0.82 -0.92 -0.08 0.11 -0.12 -0.08 0.24 0.09 -0.06 0.09 -0.18 -0.22 -0.20 -0.23 -0.17 -0.13 -0.15 -0.13 -0.15 -0.15 -0.10 -0.02
TYR C TRP C 10.00 10.00 10.00 10.00 10.00 -0.10 -1.29 -0.19 0.70 -1.01 -0.04 -0.08 -0.07 0.02 0.35 0.20 0.01 0.07 -0.17 -0.27 -0.22 -0.25 -0.26 -0.21 -0.11 -0.13 -0.18 -0.18 -0.08 -0.02
TYR C TYR C 10.00 10.00 10.00 10.00 10.00 -0.16 -1.23 -0.25 0.78 -1.12 -0.18 -0.03 -0.09 -0.11 0.21 0.14 -0.05 0.02 -0.26 -0.24 -0.17 -0.27 -0.28 -0.22 -0.15 -0.09 -0.16 -0.18 -0.16 -0.02
TYR C VAL C 10.00 10.00 10.00 10.00 10.00 0.00 -1.22 -0.00 1.24 -0.97 -0.14 0.19 -0.33 -0.08 0.31 0.10 -0.04 0.15 -0.24 -0.30 -0.23 -0.28 -0.25 -0.15 -0.11 -0.11 -0.06 -0.11 -0.06 -0.02
VAL C ALA C 10.00 10.00 10.00 10.00 10.00 -0.51 -1.27 0.25 0.72 -1.08 0.08 0.13 -0.35 -0.02 0.20 0.07 -0.23 0.02 -0.22 -0.30 -0.22 -0.26 -0.18 -0.15 -0.16 -0.09 -0.09 -0.11 -0.10 -0.02
VAL C ARG C 10.00 10.00 10.00 10.00 10.00 -0.43 -1.36 0.03 0.68 -1.01 -0.04 0.31 -0.21 0.17 0.45 0.28 -0.08 0.22 -0.09 -0.20 -0.12 -0.16 -0.14 -0.13 -0.10 -0.10 -0.08 -0.10 -0.09 -0.02
VAL C ASN C 10.00 10.00 10.00 10.00 10.00 -0.31 -1.49 0.08 0.93 -0.68 0.03 0.12 -0.11 0.05 0.37 0.25 -0.05 0.23 -0.07 -0.16 -0.05 -0.14 -0.11 -0.04 -0.09 -0.04 -0.06 -0.08 -0.06 -0.02
VAL C ASP C 10.00 10.00 10.00 10.00 10.00 -0.44 -1.51 0.05 0.68 -0.81 0.06 0.23 -0.09 -0.01 0.37 0.28 -0.06 0.19 -0.04 -0.16 -0.10 -0.15 -0.15 -0.12 -0.15 -0.12 -0.12 -0.10 -0.08 -0.02
VAL C CYS C 10.00 10.00 10.00 10.00 10.00 0.08 -1.30 -0.05 1.15 -1.07 -0.07 0.06 -0.43 -0.23 0.13 -0.02 -0.25 -0.10 -0.25 -0.38 -0.28 -0.32 -0.26 -0.12 -0.06 -0.05 -0.09 -0.08 -0.10 -0.02
VAL C GLN C 10.00 10.00 10.00 10.00 10.00 -0.48 -1.36 0.19 0.45 -0.98 0.01 0.33 -0.18 0.21 0.41 0.30 -0.07 0.24 -0.10 -0.22 -0.08 -0.22 -0.15 -0.13 -0.15 -0.10 -0.08 -0.12 -0.07 -0.02
VAL C GLU C 10.00 10.00 10.00 10.00 10.00 -0.51 -1.50 0.25 0.43 -1.04 0.13 0.34 -0.10 0.25 0.52 0.33 -0.05 0.26 -0.04 -0.17 -0.09 -0.12 -0.10 -0.07 -0.13 -0.13 -0.11 -0.13 -0.11 -0.02
VAL C GLY C 10.00 10.00 10.00 10.00 10.00 0.16 -1.27 -0.02 0.97 -0.67 -0.23 -0.03 -0.15 0.03 0.26 0.18 0.00 0.12 -0.10 -0.20 -0.12 -0.14 -0.11 -0.04 -0.05 -0.04 -0.09 -0.08 -0.06 -0.02
VAL C HIS C 10.00 10.00 10.00 10.00 10.00 -0.09 -1.19 0.25 0.89 -0.85 -0.07 0.21 -0.18 0.05 0.42 0.22 0.01 0.22 -0.16 -0.20 -0.10 -0.21 -0.17 -0.08 -0.09 -0.11 -0.10 -0.14 -0.09 -0.02
VAL C ILE C 10.00 10.00 10.00 10.00 10.00 0.08 -1.34 0.39 1.68 -1.10 -0.22 0.42 -0.56 -0.21 0.32 -0.01 -0.13 0.04 -0.29 -0.42 -0.34 -0.40 -0.33 -0.22 -0.14 -0.11 -0.07 -0.10 -0.10 -0.02
VAL C LEU C 10.00 10.00 10.00 10.00 10.00 -0.20 -1.31 0.65 1.14 -1.04 -0.03 0.25 -0.47 0.01 0.35 0.08 -0.11 0.03 -0.29 -0.41 -0.34 -0.40 -0.31 -0.22 -0.20 -0.13 -0.09 -0.11 -0.07 -0.02
VAL C LYS C 10.00 10.00 10.00 10.00 10.00 -0.53 -1.51 -0.02 0.56 -1.00 -0.05 0.19 -0.24 0.06 0.44 0.26 -0.15 0.18 -0.08 -0.22 -0.09 -0.16 -0.14 -0.11 -0.13 -0.11 -0.10 -0.14 -0.10 -0.02
VAL C MET C 10.00 10.00 10.00 10.00 10.00 -0.23 -1.31 0.27 0.95 -1.05 -0.06 0.16 -0.41 0.04 0.34 0.11 -0.12 0.08 -0.22 -0.30 -0.27 -0.33 -0.26 -0.26 -0.17 -0.12 -0.12 -0.12 -0.11 -0.02
VAL C PHE C 10.00 10.00 10.00 10.00 10.00 -0.02 -1.29 0.06 1.19 -0.99 -0.13 0.23 -0.40 -0.11 0.34 0.12 -0.05 0.06 -0.20 -0.34 -0.31 -0.36 -0.31 -0.24 -0.17 -0.17 -0.12 -0.14 -0.09 -0.02
VAL C PRO C 10.00 10.00 10.00 10.00 10.00 -0.59 -1.47 0.35 1.48 -0.51 0.23 0.06 -0.30 -0.01 0.22 0.15 0.02 0.05 -0.15 -0.24 -0.13 -0.17 -0.08 -0.09 -0.08 -0.13 -0.10 -0.04 -0.05 -0.02
VAL C SER C 10.00 10.00 10.00 10.00 10.00 -0.19 -1.29 -0.10 1.08 -0.81 0.04 0.26 -0.09 0.07 0.40 0.22 -0.05 0.18 -0.06 -0.14 -0.11 -0.14 -0.13 -0.08 -0.09 -0.05 -0.08 -0.09 -0.05 -0.02
VAL C THR C 10.00 10.00 10.00 10.00 10.00 -0.07 -1.41 -0.12 1.23 -0.85 0.01 0.19 -0.27 -0.04 0.33 0.15 -0.04 0.16 -0.15 -0.23 -0.14 -0.19 -0.17 -0.10 -0.06 -0.06 -0.07 -0.10 -0.06 -0.02
VAL C TRP C 10.00 10.00 10.00 10.00 10.00 -0.03 -1.13 0.04 1.13 -1.02 0.05 0.23 -0.20 0.02 0.36 0.18 0.10 0.18 -0.18 -0.33 -0.25 -0.29 -0.23 -0.18 -0.12 -0.11 -0.09 -0.12 -0.13 -0.02
VAL C TYR C 10.00 10.00 10.00 10.00 10.00 0.00 -1.22 -0.00 1.24 -0.97 -0.14 0.19 -0.33 -0.08 0.31 0.10 -0.04 0.15 -0.24 -0.30 -0.23 -0.28 -0.25 -0.15 -0.11 -0.11 -0.06 -0.11 -0.06 -0.02
VAL C VAL C 10.00 10.00 10.00 10.00 10.00 0.16 -1.42 0.27 1.68 -1.18 -0.24 0.30 -0.62 -0.27 0.24 -0.06 -0.17 0.00 -0.33 -0.47 -0.32 -0.42 -0.30 -0.17 -0.08 -0.09 -0.08 -0.06 -0.07 -0.02
